760
2
397
338
136
174
786
693
281
321
649
59
463
773
364
508
36
276
523
555
979
734
929
921
850
230
448
963
959
957
106
722
478
456
982
663
357
16
548
305
574
991
91
863
886
361
346
19
703
315
844
354
251
273
815
154
500
763
328
555
713
600
531
86
247
392
757
697
685
515
141
576
925
390
421
850
498
940
35
624
390
417
352
491
593
173
781
232
916
359
337
216
837
44
473
472
284
649
347
248
168
963
396
124
278
640
4
213
400
589
13
342
919
105
850
120
916
528
131
522
552
181
783
403
686
331
855
572
558
90
767
192
190
673
910
945
395
527
879
292
656
92
529
961
662
516
456
461
973
240
428
140
318
741
266
644
373
155
562
538
516
78
812
778
608
135
667
963
380
232
905
835
0
837
961
611
980
840
555
813
528
102
626
930
981
207
640
329
591
388
757
248
506
663
897
111
956
137
689
908
510
111
330
437
799
90
869
726
92
482
516
519
543
903
594
202
85
210
805
716
309
275
342
936
402
623
435
625
330
562
296
358
873
144
503
541
32
368
393
298
182
8
509
896
283
788
798
814
654
144
775
146
504
508
243
359
494
120
353
378
466
142
766
360
106
792
755
560
607
919
383
173
382
926
578
912
661
813
854
305
937
823
584
246
470
977
281
427
927
557
796
503
304
330
970
121
534
381
167
161
400
672
408
226
643
845
286
72
514
712
56
555
38
25
674
222
583
487
810
166
842
812
642
482
104
415
878
482
290
469
584
42
746
88
769
49
502
126
153
20
570
993
144
301
657
987
934
312
779
87
641
743
114
901
673
124
877
428
892
477
829
585
120
699
784
368
426
642
982
790
617
892
461
627
780
970
348
694
406
39
87
931
219
826
549
802
578
796
25
573
238
82
657
208
780
574
248
154
237
482
635
121
113
517
674
442
775
650
899
953
237
636
356
611
893
874
519
831
510
115
859
421
524
29
218
533
875
120
684
484
722
455
388
562
703
228
611
580
173
395
730
95
372
875
511
751
424
480
727
639
336
662
906
541
882
294
932
257
537
886
546
371
777
468
395
840
788
348
557
607
545
175
50
614
29
392
179
641
920
973
561
629
77
270
542
884
661
93
614
914
403
606
219
656
369
8
567
354
432
109
8
177
984
78
793
140
82
906
308
150
355
518
78
757
893
972
856
929
260
757
299
442
528
288
159
771
549
786
350
471
271
772
224
888
553
479
207
186
139
116
524
235
596
754
326
295
19
475
892
472
250
335
379
747
123
231
795
408
645
655
156
637
802
973
758
205
453
584
130
570
727
304
720
176
535
779
58
892
919
862
158
223
591
317
985
37
136
579
431
658
464
852
484
713
318
292
43
184
914
90
220
642
486
582
270
867
284
945
647
117
907
276
978
374
712
924
502
249
986
486
51
296
392
23
79
584
666
605
359
729
367
684
349
458
705
428
203
601
457
145
511
160
467
489
858
148
231
607
34
352
271
879
712
669
206
914
905
472
257
852
987
996
314
784
880
997
114
340
330
965
874
901
356
845
66
920
989
12
778
234
560
29
520
53
390
903
612
707
211
202
187
0
692
99
246
89
255
742
322
775
456
8
689
315
301
63
537
744
946
670
351
718
842
615
880
749
88
59
321
812
553
114
663
120
378
321
620
218
980
77
968
374
693
733
212
146
628
33
260
121
864
489
946
740
739
764
361
16
719
960
398
878
745
262
388
219
284
611
981
920
433
470
689
531
210
909
224
107
87
964
302
392
225
474
51
753
227
142
160
394
971
17
240
680
276
282
678
26
718
730
636
547
703
745
952
43
78
885
889
581
215
364
149
961
608
956
348
451
94
722
221
931
286
59
784
304
831
603
818
720
359
417
406
384
474
649
758
326
693
218
821
367
90
939
416
939
337
407
316
905
167
402
661
630
598
522
618
284
951
170
670
964
216
624
656
499
926
520
964
855
200
191
815
188
625
70
574
678
524
530
241
391
761
391
455
578
210
411
30
884
462
866
802
612
248
2
871
791
427
67
676
858
444
591
136
731
687
822
668
896
730
647
470
682
484
789
164
411
611
517
991
74
734
609
49
350
604
762
953
393
239
889
106
692
574
493
767
916
419
899
387
250
296
906
824
12
906
328
570
995
788
168
419
777
527
311
738
824
270
109
190
927
624
511
794
946
382
59
643
129
245
61
932
955
65
748
181
73
784
292
822
537
897
476
117
443
160
954
394
222
819
150
269
370
865
917
239
192
394
928
629
518
192
289
558
487
347
715
833
545
728
260
400
870
918
371
503
302
847
56
140
958
415
492
309
924
158
797
261
188
587
565
336
501
400
86
73
849
604
693
955
298
108
47
624
625
767
168
254
292
34
453
53
651
6
866
617
183
701
190
965
417
83
384
540
943
9
617
833
795
878
833
245
827
158
956
900
216
714
193
468
566
497
247
969
443
11
759
921
579
332
493
25
521
374
435
571
395
637
92
354
693
902
845
20
600
710
331
459
601
908
216
552
220
131
35
485
257
880
947
339
792
477
441
49
159
48
819
256
105
345
317
274
433
925
466
816
73
983
539
381
993
37
876
782
624
966
285
539
743
598
590
975
758
577
741
501
740
367
814
164
313
730
388
435
783
206
69
745
711
127
251
793
696
46
835
202
371
760
47
42
777
47
472
128
416
681
633
417
662
561
875
950
799
221
49
91
717
405
479
388
639
152
673
560
578
3
506
791
381
411
505
777
33
251
363
634
725
175
83
948
669
415
493
891
575
720
420
504
894
413
244
497
908
318
779
799
604
41
263
127
167
966
791
334
791
323
840
652
805
204
675
545
794
938
899
298
174
688
521
870
953
842
281
263
39
15
746
945
649
39
231
864
719
874
551
409
478
979
47
913
269
598
223
717
51
247
614
236
247
290
759
195
193
64
376
21
233
927
143
90
846
800
716
906
780
540
5
106
483
933
178
325
540
922
677
751
116
101
915
533
563
747
145
864
142
493
373
923
843
877
337
342
344
135
923
297
531
155
9
437
43
523
391
874
123
408
327
937
201
914
141
931
976
478
578
931
839
148
994
23
427
451
214
315
147
120
275
61
475
768
146
375
468
353
780
699
594
30
39
651
212
129
930
430
229
566
354
227
673
814
679
915
660
313
17
80
124
153
175
543
706
497
221
737
563
840
476
120
212
963
30
639
883
249
131
88
376
292
888
626
776
648
819
574
843
356
860
13
874
94
677
206
796
299
734
839
183
330
905
489
406
992
171
517
419
301
134
624
681
893
270
630
593
871
549
503
458
882
641
207
822
87
768
947
161
33
461
369
604
991
964
256
998
760
143
509
553
535
923
551
715
905
103
774
84
434
183
448
772
195
697
364
363
784
847
385
515
306
230
905
442
548
825
167
328
624
850
125
879
8
56
609
25
553
683
439
742
850
746
114
682
351
892
824
626
966
436
891
53
518
879
40
818
778
241
843
526
651
818
383
211
193
45
339
798
811
259
564
936
348
270
206
951
744
691
523
575
81
924
762
907
537
306
83
967
94
243
733
919
800
849
861
84
524
286
196
367
823
715
380
993
223
218
368
649
233
156
295
176
586
465
500
528
869
623
430
617
700
225
894
630
188
262
788
933
679
880
179
537
770
190
681
944
427
486
937
295
272
259
144
836
571
116
750
291
96
361
996
410
469
487
133
405
139
602
488
104
46
31
173
764
381
632
339
264
825
415
800
732
70
497
731
597
553
809
868
508
970
687
778
294
740
922
401
513
436
1
347
386
815
653
741
205
413
852
883
732
70
407
450
302
795
267
45
409
525
879
188
287
214
563
112
476
876
364
661
416
590
53
771
481
88
653
462
427
445
95
60
939
270
334
895
519
802
948
88
395
767
289
753
68
674
678
949
910
609
70
631
868
558
487
255
171
117
954
164
903
229
316
295
743
892
833
126
293
256
824
576
76
223
902
980
203
337
187
836
286
578
972
89
115
882
334
390
441
105
220
674
565
739
832
351
597
823
734
893
152
612
487
178
918
828
53
833
90
42
405
8
276
592
529
142
322
240
454
426
728
704
435
674
353
289
484
761
384
9
53
879
722
51
109
238
507
682
852
375
579
971
132
644
365
1
53
641
672
120
586
920
843
191
141
673
790
97
413
315
343
119
516
258
665
200
363
150
962
257
159
566
149
609
567
559
987
335
95
573
574
689
821
715
907
401
423
489
116
659
675
653
260
831
228
914
694
817
622
950
773
681
717
356
207
63
643
605
245
43
553
652
837
838
810
409
782
259
783
133
41
994
326
744
165
326
46
294
80
951
241
193
44
859
470
561
864
851
609
9
1
135
848
99
450
369
232
108
878
915
866
28
673
442
199
340
224
504
893
641
625
49
380
400
840
882
964
896
767
933
726
915
717
903
297
139
532
420
150
751
721
590
2
968
356
256
415
643
390
253
424
565
844
810
103
315
702
902
681
328
330
795
267
419
516
160
692
221
314
727
752
746
453
254
941
969
949
684
232
293
30
528
567
945
712
684
62
405
617
166
233
817
779
696
48
142
306
45
205
440
3
579
473
127
984
440
630
866
184
838
699
929
729
259
685
647
875
731
598
977
813
805
486
76
574
322
33
785
166
401
622
486
280
885
414
255
769
634
502
577
616
194
191
502
202
164
622
927
850
763
357
41
45
104
9
391
746
891
91
858
339
11
427
690
208
874
915
458
216
180
791
88
979
208
159
700
570
305
664
610
297
789
149
878
341
43
812
674
446
329
575
221
655
797
484
795
527
662
567
638
891
893
465
281
1
826
623
787
661
150
716
291
450
824
931
925
151
989
556
287
985
30
91
318
239
73
947
602
241
115
581
76
293
652
547
801
969
907
35
334
342
789
555
729
247
984
619
684
996
496
491
104
308
772
289
788
663
561
827
798
455
697
339
814
304
341
914
801
901
118
522
787
25
351
401
227
867
532
309
817
545
255
123
531
330
813
26
768
459
624
238
369
944
303
821
915
620
699
479
71
438
378
426
681
228
186
394
467
895
551
127
259
415
598
796
822
633
825
580
396
297
452
792
163
316
372
599
41
721
0
538
957
158
403
67
697
606
839
97
571
228
270
141
220
331
141
567
746
854
373
259
673
131
433
117
843
561
587
545
455
541
739
836
252
983
705
967
747
320
307
516
882
415
935
524
473
388
533
10
578
771
974
802
152
566
533
647
115
264
515
361
886
785
967
535
134
262
579
293
662
651
569
215
489
504
753
293
327
698
948
240
406
48
774
7
312
681
568
883
226
242
918
769
899
862
153
293
305
257
199
446
398
523
834
825
867
640
98
800
51
845
251
979
695
519
212
907
856
978
569
560
149
134
76
770
940
833
132
185
231
922
7
258
575
807
350
363
593
242
253
767
363
842
123
899
242
18
521
838
747
247
863
754
830
302
146
582
86
986
817
644
833
910
840
862
368
858
191
87
587
646
75
569
147
513
742
198
744
578
43
205
187
980
262
129
179
43
678
26
351
195
415
592
90
618
176
587
387
729
42
37
443
712
490
883
333
321
204
138
430
728
310
91
188
945
707
639
227
307
234
856
785
229
287
864
587
299
776
559
835
740
180
205
461
63
393
442
579
946
585
576
247
483
925
163
866
266
195
528
737
559
400
453
661
200
617
857
501
583
609
692
939
439
636
66
843
506
276
705
736
590
197
790
280
164
3
744
472
749
35
601
206
435
791
843
929
978
150
63
932
344
560
796
59
439
604
89
601
228
585
891
586
732
822
605
61
843
369
259
392
794
965
949
909
633
176
341
8
9
170
737
637
231
928
43
755
369
119
326
84
467
868
706
821
206
837
390
433
707
741
414
891
228
208
444
854
522
955
466
915
768
894
209
188
619
149
693
977
234
690
268
578
292
13
616
878
995
333
662
531
741
383
633
372
849
551
635
772
869
327
98
934
317
269
552
657
530
60
627
252
358
951
707
603
13
115
548
574
646
485
687
313
657
913
614
430
868
916
593
239
665
111
462
800
56
105
414
542
273
879
14
306
205
82
503
77
430
149
215
691
215
123
85
467
54
394
434
78
324
460
114
525
89
715
686
660
481
420
229
784
114
303
842
251
13
829
348
347
35
579
850
517
524
833
231
46
556
613
397
864
444
471
320
981
0
518
80
887
501
763
812
48
473
432
262
453
315
316
961
644
541
329
464
176
440
776
284
796
42
575
142
148
277
328
670
412
709
617
451
989
983
43
908
713
45
217
777
371
736
698
288
461
435
445
422
612
326
261
374
393
172
49
574
780
652
300
515
977
930
822
341
548
678
966
978
611
391
691
460
992
203
115
835
329
548
375
475
460
187
815
372
138
345
130
781
731
884
103
687
233
283
951
667
657
685
287
229
837
348
442
390
88
245
254
393
17
508
341
421
272
210
585
108
827
279
489
689
422
910
691
56
658
41
382
15
290
894
703
908
303
445
212
335
36
938
409
931
848
882
113
849
609
978
285
693
616
686
15
754
204
625
779
904
850
228
794
534
262
938
75
955
417
165
158
567
568
106
26
330
417
854
857
943
197
923
340
546
848
577
686
826
980
662
242
722
261
936
195
141
727
335
37
976
880
595
426
658
952
802
825
817
728
830
606
382
671
363
634
474
196
730
180
99
894
26
958
667
729
431
507
90
491
21
438
454
811
248
512
199
503
900
885
405
941
590
510
104
59
145
123
800
70
762
179
606
587
185
669
257
963
221
186
496
739
800
871
330
466
298
142
858
919
847
396
500
918
579
46
957
99
136
841
890
703
783
960
787
604
146
414
48
838
567
609
865
495
913
441
864
412
780
111
679
669
149
796
616
108
812
728
623
328
111
808
859
955
361
738
295
860
386
549
450
66
967
228
992
85
529
248
78
643
870
568
322
215
559
698
258
106
572
372
735
710
43
956
511
225
542
861
849
39
824
96
112
418
251
60
221
227
932
419
938
146
124
132
466
895
520
886
19
23
548
213
981
22
850
395
707
900
970
851
50
68
830
985
263
135
871
153
869
670
315
929
974
872
439
987
740
74
402
654
83
636
229
26
761
18
250
42
444
939
454
328
673
607
290
935
929
734
829
119
905
370
242
343
958
268
623
969
173
490
761
453
745
540
611
233
754
316
750
346
262
884
153
400
235
797
919
796
523
348
666
596
716
923
627
51
24
789
470
530
749
69
884
625
846
676
722
7
731
63
326
215
910
78
716
149
327
270
323
566
264
627
374
120
29
734
543
206
698
798
28
529
765
751
112
385
23
90
858
35
872
683
556
658
294
513
980
300
319
141
891
787
341
622
306
573
803
857
432
812
109
976
80
268
55
581
926
879
678
335
468
392
131
649
968
858
44
675
354
70
190
937
380
80
41
757
773
700
624
802
251
841
499
818
408
583
411
804
100
858
40
737
216
176
462
704
474
155
731
341
68
853
528
517
18
373
420
311
131
347
903
769
871
449
812
742
327
970
113
439
749
885
740
328
664
830
81
361
51
203
72
795
9
340
579
775
621
922
433
651
782
677
120
172
961
587
400
832
714
679
624
374
698
774
324
204
26
78
271
540
676
664
738
828
583
908
279
419
81
75
264
663
229
553
23
176
549
154
917
661
202
606
713
189
331
589
347
939
355
861
432
406
575
443
678
906
817
446
964
139
106
978
23
474
634
735
683
482
972
234
164
443
109
315
834
987
417
58
137
874
31
128
319
351
714
519
989
16
70
41
361
615
78
430
693
174
335
579
492
791
650
821
180
205
598
261
777
178
484
211
407
166
209
603
776
383
284
930
164
652
64
948
76
509
263
650
784
617
687
571
910
857
718
385
420
181
185
732
34
600
741
665
693
49
449
785
741
479
521
267
311
476
198
855
888
190
263
34
291
704
369
234
1
164
968
672
836
962
5
361
708
249
270
980
353
420
761
773
982
972
153
818
267
139
667
945
474
361
794
18
735
854
741
319
441
125
740
726
945
912
767
956
537
178
89
131
419
721
746
54
483
656
240
684
175
4
976
414
359
338
21
513
624
738
656
650
327
772
273
719
664
670
561
567
873
608
809
468
894
363
733
114
505
106
593
436
456
706
156
782
698
450
460
714
118
97
810
832
92
823
706
438
275
6
44
99
634
95
442
705
752
667
308
33
425
335
373
95
376
481
839
362
688
349
40
861
157
846
879
450
958
855
699
164
416
695
582
41
566
888
399
638
943
809
859
985
812
859
521
733
899
509
14
853
526
257
991
772
354
3
424
425
401
985
80
781
374
386
851
295
710
192
623
40
624
133
163
493
633
863
163
352
858
381
411
587
391
722
375
215
736
703
523
559
688
609
226
38
836
655
435
625
469
775
294
766
859
377
143
116
988
641
441
666
100
448
623
394
836
523
873
661
912
129
794
117
805
193
394
475
664
686
540
886
448
949
68
260
15
952
126
119
849
446
549
62
157
904
625
672
9
876
572
960
658
539
2
953
88
971
218
131
820
230
767
511
391
368
764
756
729
517
152
653
121
722
455
958
774
827
699
364
722
138
306
788
714
62
392
155
175
670
642
361
286
413
770
36
638
481
821
600
326
732
132
248
11
797
648
370
816
865
863
336
34
475
254
328
253
600
321
786
925
108
934
833
453
569
522
532
325
47
6
952
136
17
547
313
867
440
626
592
706
273
765
519
974
988
952
166
934
909
837
848
389
498
506
256
161
782
777
157
740
381
320
1000
609
153
361
213
992
710
957
68
766
861
36
843
952
696
16
287
849
734
978
885
845
819
63
850
794
29
691
889
519
506
851
792
69
792
37
55
499
110
280
285
664
231
373
906
260
146
881
990
55
715
865
786
958
268
247
502
93
559
368
492
332
604
987
486
616
612
683
98
986
568
331
810
209
3
478
191
184
458
511
228
638
432
755
612
824
3
550
132
829
519
426
521
249
916
991
825
332
970
168
189
577
719
446
341
40
891
942
702
20
315
77
838
721
372
696
166
881
708
605
294
770
182
874
101
705
563
344
480
372
277
813
165
181
558
662
123
24
974
875
180
81
401
709
429
633
55
537
538
13
747
539
134
600
770
209
47
110
495
396
405
987
451
290
638
925
173
808
776
531
44
543
492
193
816
962
735
766
614
494
49
256
29
12
867
116
29
578
608
607
443
937
916
867
95
72
969
566
651
498
686
675
35
615
541
381
584
352
603
42
703
799
884
225
624
916
893
615
324
745
541
468
451
71
128
696
543
372
41
541
839
842
318
140
922
14
223
884
668
50
818
518
35
828
27
378
506
47
541
861
659
693
897
330
886
470
389
905
668
784
354
393
70
735
759
846
701
661
5
972
677
160
433
54
996
664
612
731
521
437
105
610
152
908
451
540
623
800
597
251
438
499
639
14
339
407
590
969
760
969
868
96
800
636
297
764
985
661
744
84
133
311
955
300
29
127
105
316
856
947
454
544
971
245
503
436
997
504
766
200
292
995
470
847
711
145
474
484
564
384
507
810
765
870
328
207
759
191
700
70
259
814
36
339
170
392
176
306
934
717
671
553
21
967
163
36
15
291
152
681
471
335
290
42
519
63
367
67
467
693
268
59
461
695
383
398
153
637
652
573
77
613
60
803
412
151
726
130
671
971
237
937
864
306
479
332
242
254
678
111
73
585
492
4
808
65
776
556
394
559
615
769
729
102
868
747
138
681
291
897
387
39
318
240
852
243
269
211
517
273
234
48
361
47
208
451
161
657
532
534
641
602
202
492
243
549
431
190
850
996
5
807
932
398
613
739
752
40
663
9
293
697
741
745
242
648
485
535
644
810
578
181
564
934
269
222
223
715
747
163
170
615
942
704
76
900
303
640
401
884
821
92
680
474
500
701
856
582
213
515
790
546
703
45
866
804
130
918
722
90
932
62
956
662
295
244
777
379
787
517
847
477
569
34
931
654
173
974
726
829
740
473
756
182
8
725
321
861
519
711
169
145
224
381
858
447
290
542
891
353
593
540
787
610
580
711
734
132
862
28
397
33
730
269
439
788
7
348
149
361
941
980
996
549
450
36
981
596
587
895
260
242
232
463
475
432
945
616
469
950
223
697
50
750
405
118
741
894
448
430
116
532
210
547
850
156
879
290
572
843
351
973
638
55
802
40
16
73
217
331
985
26
46
763
876
893
331
705
345
922
334
165
738
352
116
480
994
203
146
873
877
426
261
743
889
582
326
380
48
951
833
976
910
344
472
438
735
281
174
729
199
567
748
722
28
783
79
422
81
858
161
89
182
552
530
680
849
694
883
1
154
700
57
365
16
847
337
564
847
854
978
518
140
857
117
647
430
497
838
616
826
409
652
281
430
402
301
573
307
324
21
296
891
726
597
122
294
863
687
718
400
880
646
703
797
518
810
381
892
177
556
366
925
166
130
464
825
280
823
785
879
187
738
529
194
834
509
971
340
943
1
159
863
746
821
945
553
689
27
795
551
801
341
580
804
337
794
415
77
112
990
883
169
43
75
713
256
154
528
284
375
74
798
189
804
469
840
339
400
718
381
805
661
155
770
607
410
641
933
821
308
881
717
255
897
43
153
410
701
659
225
905
437
779
102
430
469
969
202
59
323
771
265
788
27
347
745
112
763
532
96
410
141
727
646
326
336
26
224
770
489
827
276
108
671
453
272
640
79
992
57
574
771
224
829
966
247
102
177
209
863
430
769
411
619
276
806
466
570
516
467
793
20
677
196
304
50
559
442
440
50
784
8
525
923
861
156
41
431
257
846
351
253
904
100
16
662
912
974
480
636
310
351
35
399
910
446
962
405
2
472
647
866
71
724
580
658
145
398
614
882
694
946
644
667
727
141
415
208
561
330
737
772
965
356
574
283
848
458
128
490
112
967
951
18
511
552
670
605
68
975
44
180
567
506
625
703
903
733
117
423
477
998
731
978
128
817
24
984
777
936
727
688
687
270
163
629
520
622
216
344
600
133
303
495
234
445
936
375
834
183
845
828
583
123
150
453
742
683
963
188
780
89
720
525
948
275
635
427
686
705
719
384
944
368
138
357
392
491
417
95
591
354
601
271
4
71
686
117
630
126
356
475
109
427
504
696
864
175
362
749
439
73
270
311
70
232
860
820
501
164
814
115
78
310
164
380
907
754
111
17
57
356
923
998
748
332
136
575
65
292
783
167
692
346
943
791
812
727
642
516
321
36
728
56
443
288
491
204
115
889
654
809
765
722
222
418
419
72
725
403
582
113
81
266
535
695
106
668
577
224
818
653
545
343
759
648
432
278
252
650
549
261
949
269
467
234
179
278
225
940
134
470
802
191
5
737
837
760
953
962
706
559
109
533
65
611
687
392
545
840
395
97
387
905
981
426
252
411
394
863
650
394
420
291
310
733
217
490
990
995
938
69
223
355
493
364
912
579
591
454
609
228
493
808
687
8
475
900
781
20
70
823
204
318
557
794
655
483
14
88
310
864
692
260
220
796
725
115
653
926
480
419
78
196
525
878
453
597
778
14
370
291
737
84
891
612
960
810
230
867
324
540
97
134
321
894
567
25
636
636
311
391
568
688
11
368
542
561
460
903
572
594
145
802
327
157
211
80
754
703
721
386
91
45
437
823
598
464
760
30
103
902
981
75
542
958
27
609
418
352
589
199
387
892
802
625
132
707
482
184
52
776
457
396
185
887
738
4
252
941
721
95
740
8
649
720
413
218
762
164
27
947
161
308
550
841
772
914
49
910
72
160
163
206
542
300
914
930
721
996
243
425
491
610
574
878
226
151
145
365
546
706
847
222
230
319
300
268
475
265
944
887
251
918
277
276
417
772
201
247
863
526
429
339
400
952
152
230
521
870
297
64
259
841
793
364
853
114
827
209
142
306
482
608
820
196
301
664
62
865
652
280
853
372
35
205
232
493
669
316
801
47
84
857
537
406
69
946
875
440
348
589
503
281
23
498
403
944
635
791
9
95
294
299
582
662
78
422
218
773
973
918
442
820
196
987
641
765
64
492
812
475
386
720
905
578
75
279
694
97
280
743
311
677
778
594
93
800
219
322
40
489
230
319
927
882
128
135
121
506
112
735
682
938
37
699
924
196
163
946
919
699
77
578
681
702
378
74
450
6
842
789
407
37
392
715
248
906
688
173
335
598
139
378
987
800
641
121
749
881
880
203
804
277
792
958
522
227
381
831
152
656
885
401
509
467
888
636
527
727
974
497
222
221
325
481
782
532
469
697
315
185
653
896
956
930
362
764
637
898
619
908
937
787
565
302
792
288
124
625
355
855
777
929
497
24
940
308
95
534
673
306
347
418
932
312
548
428
205
506
583
26
303
91
684
809
79
250
495
338
128
48
191
23
341
300
508
485
148
825
596
93
289
678
922
626
144
467
305
553
820
668
690
180
670
684
2
52
558
628
487
741
345
273
994
905
14
739
301
971
648
58
446
712
797
177
815
3
73
682
870
510
419
630
379
470
888
612
76
424
295
149
873
424
758
187
179
831
544
135
175
987
126
932
63
686
317
841
607
974
812
760
279
404
105
284
559
462
97
855
99
827
47
112
149
203
733
975
928
790
49
346
899
473
445
118
177
248
22
814
9
837
937
113
298
903
555
847
910
875
645
52
702
997
562
268
486
757
729
992
162
448
21
213
938
596
835
322
90
355
659
652
83
930
708
895
537
356
65
195
55
100
276
696
151
302
636
117
635
532
580
473
606
213
892
700
693
943
112
602
784
67
979
485
247
339
803
725
356
712
872
336
561
749
986
159
783
953
397
142
313
341
594
300
944
987
495
480
825
215
478
439
836
488
2
442
54
125
841
546
440
414
26
475
241
120
596
613
404
454
253
53
333
228
457
911
47
254
813
273
132
713
666
380
92
373
663
836
92
851
906
296
155
547
991
376
513
621
551
63
373
842
908
493
526
10
306
844
783
155
524
725
924
187
750
984
5
750
314
772
252
124
836
557
4
699
469
638
659
376
655
397
435
179
78
683
197
567
637
640
145
642
748
866
584
591
732
789
927
462
11
997
926
103
55
775
331
553
969
698
837
575
12
425
529
259
731
418
369
351
923
742
526
448
624
547
278
852
974
851
904
405
685
546
490
915
254
270
347
608
801
842
791
624
230
133
862
713
757
607
475
822
715
452
309
321
851
807
165
900
613
199
621
968
904
98
421
500
959
388
226
38
988
883
866
777
534
194
804
772
20
476
494
442
395
234
57
783
589
141
818
489
806
891
279
511
62
679
255
399
270
316
512
408
170
433
864
707
911
746
32
705
587
877
382
606
749
701
423
194
577
390
226
673
287
745
774
54
765
454
376
680
10
736
218
661
737
215
920
145
882
698
736
290
938
595
650
526
855
624
238
601
149
232
643
611
872
677
4
61
626
730
952
15
418
693
786
321
614
901
882
59
607
564
935
649
987
657
754
8
699
368
376
316
630
297
39
208
212
385
388
695
480
615
870
124
601
528
543
594
961
497
838
164
564
799
448
777
915
689
9
749
373
307
379
66
771
979
280
791
63
845
669
762
669
917
301
810
953
400
273
916
496
485
11
360
417
19
408
961
28
290
538
483
353
684
590
891
323
355
303
463
880
273
341
421
97
93
296
232
445
413
704
591
384
422
331
47
738
112
369
467
96
71
75
440
633
674
809
375
781
164
34
962
880
298
744
901
554
666
815
478
646
220
416
357
676
956
188
701
768
1
955
365
778
576
658
526
457
951
159
116
143
550
670
362
625
45
427
836
322
431
574
348
654
727
188
263
24
447
561
304
195
316
28
48
816
26
961
857
436
935
946
119
945
899
4
598
266
609
869
676
980
234
457
101
287
126
291
876
862
938
237
749
998
163
253
922
76
167
761
621
706
214
578
841
530
252
435
240
327
676
857
969
254
609
101
828
677
774
751
526
674
484
400
41
937
825
928
905
238
150
388
252
475
858
837
964
621
862
83
427
402
596
372
161
892
894
291
892
805
355
688
909
14
477
51
649
276
29
130
344
344
525
823
640
74
590
467
756
6
399
204
675
302
106
969
640
773
234
929
832
167
229
245
906
862
136
251
633
923
622
575
62
95
525
575
905
998
383
27
96
335
802
626
365
938
627
142
950
244
525
109
637
11
102
394
293
863
359
164
709
136
534
305
846
243
941
907
413
827
807
475
364
454
905
6
207
624
97
352
333
587
19
579
581
99
924
501
96
197
761
741
479
487
866
254
432
201
638
680
226
418
312
775
349
960
594
424
602
66
73
133
775
758
666
970
111
354
744
801
59
823
233
708
524
656
537
6
453
751
530
994
907
323
275
896
313
20
784
943
789
521
489
309
422
729
936
353
215
483
119
324
187
470
80
74
331
801
73
627
892
409
206
262
779
542
787
286
370
56
941
837
135
47
691
212
538
923
521
41
377
236
820
452
252
956
425
337
100
238
92
938
208
954
695
814
371
502
790
756
780
864
876
671
527
958
849
686
557
933
843
269
161
196
513
819
327
785
36
605
262
683
31
45
423
554
149
720
922
446
522
76
343
865
293
927
295
933
631
100
443
889
885
307
306
303
445
877
405
73
721
87
418
122
547
716
441
512
921
681
543
527
482
814
145
292
509
931
888
818
948
213
47
719
264
795
756
163
139
413
93
76
808
450
388
18
277
232
535
290
972
178
825
205
559
69
114
109
287
637
558
52
537
891
166
160
241
643
982
539
250
652
167
480
451
444
528
569
24
949
662
85
870
676
273
796
556
54
844
360
565
970
13
564
183
300
977
394
646
761
195
52
241
558
765
845
358
420
233
945
951
479
576
228
82
236
616
740
140
216
905
336
92
411
571
712
777
609
31
845
711
804
948
122
410
703
257
473
440
631
49
949
495
851
595
318
669
352
436
182
392
530
937
895
476
185
364
658
605
229
787
246
287
984
45
808
836
977
831
989
341
447
974
516
458
880
391
294
641
260
399
240
301
352
123
374
976
38
354
714
346
455
731
498
900
799
375
886
186
759
180
710
615
638
589
248
17
600
110
922
122
174
235
24
157
495
657
921
543
199
127
942
856
327
54
724
126
921
272
506
696
826
538
248
104
19
106
161
789
39
600
910
960
946
790
425
549
259
608
82
27
242
728
852
428
833
32
230
96
960
408
215
45
236
621
255
272
13
996
404
86
272
470
244
312
650
20
889
756
991
818
167
698
844
156
485
590
485
274
349
505
309
237
687
754
396
899
925
847
909
344
556
607
3
400
576
758
288
38
881
957
695
179
45
684
738
950
341
517
247
350
16
93
276
252
538
926
574
930
14
697
566
290
43
588
362
730
611
697
594
257
661
38
344
583
269
238
753
698
598
633
580
813
24
569
124
638
559
848
59
207
688
707
755
498
73
155
188
709
94
721
9
72
136
396
791
909
719
876
857
438
212
383
248
168
612
48
683
994
832
816
392
683
589
126
615
909
132
664
348
310
565
403
207
536
940
466
527
714
262
796
598
925
809
693
243
205
921
500
961
910
660
941
321
416
469
175
143
658
509
236
207
119
591
185
121
60
987
516
677
738
146
562
413
496
29
695
444
715
600
272
803
434
107
72
366
922
991
792
997
310
387
357
667
887
911
789
847
448
413
414
161
52
750
83
726
463
648
927
169
434
54
767
398
220
190
744
897
623
958
348
311
355
477
394
412
261
634
517
392
423
561
854
689
556
429
981
98
999
113
506
246
652
202
197
329
105
563
225
682
966
846
589
28
610
730
846
701
586
126
317
274
9
586
441
668
736
487
635
371
348
870
521
134
312
718
882
972
782
973
461
517
314
726
546
757
864
105
109
507
542
73
775
680
821
204
52
365
980
37
795
684
853
398
52
601
573
902
392
730
370
932
911
493
594
335
998
194
839
459
877
313
346
738
378
308
291
939
80
797
90
252
231
163
944
559
497
698
946
607
873
276
963
49
282
629
106
43
985
359
149
553
850
361
904
653
551
160
518
105
475
972
508
347
433
288
116
192
416
949
188
767
733
500
186
418
373
646
986
466
540
313
325
842
93
575
215
881
956
118
132
897
356
269
337
647
571
316
996
775
192
27
880
524
613
104
649
887
40
350
986
271
139
855
855
55
989
847
14
567
499
708
941
3
224
594
90
268
782
3
220
578
354
160
346
380
674
429
226
918
583
710
704
381
942
980
968
850
132
420
765
973
71
270
880
173
320
896
437
384
777
693
184
451
933
420
349
525
461
565
627
375
364
105
285
542
728
548
434
982
42
246
20
126
860
331
774
465
686
82
914
596
170
183
422
339
350
958
155
807
711
151
179
217
887
376
300
564
685
50
636
377
122
917
908
554
552
883
174
1
564
593
124
509
9
910
322
964
540
180
16
869
697
137
585
974
690
812
844
931
490
816
894
21
175
977
853
318
637
607
7
606
571
811
888
983
584
739
140
859
800
357
568
993
516
564
51
207
704
942
166
807
447
373
540
197
375
797
636
830
797
722
250
755
979
853
478
336
300
8
711
194
783
860
553
593
341
44
536
37
219
690
834
607
281
654
324
679
425
21
985
539
238
614
697
634
175
804
953
437
78
383
612
368
204
74
965
595
566
443
44
968
11
8
523
547
844
37
33
105
342
872
400
64
152
9
521
275
706
729
235
406
580
772
824
14
312
60
250
994
632
585
393
858
323
568
270
930
459
438
475
111
736
939
87
772
843
225
854
274
437
689
279
337
633
110
239
391
191
35
945
651
611
940
470
889
674
178
474
513
547
792
604
250
64
34
716
430
584
159
609
259
487
980
82
765
574
658
220
211
954
914
442
324
3
515
130
976
489
211
391
730
284
378
782
827
66
752
730
404
409
9
756
760
682
976
159
112
514
827
546
278
278
705
269
806
893
712
842
978
298
1
284
886
527
27
552
242
865
376
541
565
257
779
962
917
170
980
24
216
213
931
483
730
922
372
595
551
153
283
408
992
218
269
347
158
500
955
55
548
41
88
869
220
644
901
301
143
419
847
736
667
935
174
129
852
134
577
961
246
31
596
498
136
372
738
113
897
91
11
754
405
895
519
89
973
622
78
572
849
128
763
925
839
143
292
770
5
885
266
968
1
560
546
547
6
552
830
637
464
191
151
514
748
650
356
363
56
33
357
361
957
87
759
106
870
769
609
877
253
887
89
863
488
184
623
866
944
671
32
77
796
44
120
723
377
548
835
5
936
537
412
134
720
273
460
66
386
999
23
89
295
87
421
948
707
635
624
838
745
544
510
174
376
837
651
990
659
193
49
544
581
148
931
334
951
758
480
67
336
869
788
217
853
592
208
175
358
271
156
947
660
321
416
110
562
278
425
643
515
378
263
293
175
382
785
113
777
664
614
61
894
593
750
613
825
674
13
353
500
86
952
473
558
393
288
49
264
474
357
913
202
529
373
535
884
726
472
693
447
539
624
85
28
216
708
290
782
442
46
435
303
818
194
771
240
488
629
120
844
327
518
134
314
113
381
76
307
938
969
917
528
840
528
593
597
823
758
387
731
142
880
614
607
383
949
923
121
619
501
836
505
977
135
28
437
13
660
869
316
860
723
89
706
840
492
414
387
163
109
131
668
268
214
434
528
198
993
697
924
222
997
874
152
735
59
281
315
129
121
720
644
328
604
498
902
848
945
869
497
578
184
899
213
474
93
953
913
925
701
921
700
587
115
757
792
320
487
499
147
876
66
924
533
837
686
498
300
937
153
867
533
125
133
721
625
852
183
630
534
183
288
163
765
843
947
619
129
990
428
198
664
972
78
376
613
179
962
537
455
181
96
230
846
515
724
978
369
861
315
617
870
719
273
306
571
863
470
625
977
852
196
595
28
866
714
989
224
958
978
93
819
190
77
889
15
894
849
72
703
122
645
326
616
170
773
439
179
137
745
922
527
995
596
516
631
47
594
837
996
921
149
123
876
62
447
337
463
809
350
562
211
873
913
569
587
608
274
40
739
635
661
901
280
332
652
735
863
564
538
513
849
115
290
364
786
462
77
147
605
887
953
169
457
365
635
579
555
658
377
949
498
45
589
213
367
283
511
903
617
944
693
948
620
588
723
402
20
753
399
988
239
691
70
878
743
884
503
59
255
672
644
683
1
567
393
152
474
428
764
829
108
109
924
710
221
234
58
787
60
622
109
168
223
324
77
652
797
472
888
774
102
333
310
492
962
964
15
991
873
847
461
497
528
574
174
946
27
998
229
743
388
952
700
457
198
943
920
483
521
476
781
624
893
776
304
991
76
26
209
359
897
408
135
742
378
142
830
351
303
79
648
178
285
919
481
923
495
495
263
691
76
885
414
474
723
839
140
37
518
698
119
960
155
589
217
395
505
829
593
632
839
752
751
626
16
841
312
908
667
545
63
453
219
718
265
203
647
891
486
399
415
833
219
78
560
43
113
878
316
661
494
718
102
349
695
980
588
131
291
491
98
117
709
260
788
379
982
907
386
291
289
649
430
385
791
247
988
133
114
566
27
214
432
941
163
561
460
404
1
883
273
558
516
614
800
221
641
947
943
645
267
139
132
979
899
219
534
930
574
22
556
673
139
151
242
262
994
64
398
60
6
915
580
930
218
725
598
648
979
169
96
308
130
946
4
143
110
744
144
194
872
555
272
360
693
265
295
681
333
966
343
611
47
317
538
251
917
820
583
576
583
897
305
823
522
824
218
636
147
786
309
658
524
647
295
247
125
187
26
201
639
52
784
440
580
268
647
403
857
627
251
436
773
408
593
861
595
499
437
678
191
197
729
27
941
781
709
358
48
820
24
85
476
360
802
152
502
475
945
981
915
96
259
677
281
427
516
172
148
847
773
691
224
930
646
1000
571
805
524
29
405
227
157
44
660
184
652
904
508
168
680
944
98
549
811
960
79
611
986
850
560
105
474
246
596
599
59
736
366
93
899
831
543
205
707
921
368
595
823
748
591
99
360
975
41
863
535
103
471
348
881
3
978
870
754
465
719
498
341
767
657
267
553
19
927
543
158
549
658
605
953
976
440
846
402
151
122
972
520
727
60
664
88
105
814
980
512
606
349
458
494
16
909
602
741
900
945
549
331
75
364
791
715
864
831
702
765
472
460
232
71
742
285
617
463
542
406
648
34
318
481
57
123
359
523
431
240
423
854
336
858
44
74
555
27
111
967
537
290
909
148
483
431
998
296
381
212
930
825
40
890
835
440
278
613
13
883
497
568
234
615
268
541
969
406
740
468
146
19
162
133
650
414
960
32
400
91
296
321
749
97
711
723
938
485
810
735
392
722
192
786
351
611
672
592
101
398
27
733
616
288
894
147
874
572
51
69
55
860
109
879
231
869
612
482
254
523
605
785
540
975
14
320
689
450
983
19
995
977
926
86
37
801
714
182
119
303
534
449
562
181
954
355
793
936
511
185
854
49
625
974
720
949
7
866
645
562
822
644
219
826
957
485
122
19
157
308
569
852
405
107
77
132
482
853
104
567
421
207
633
720
196
440
856
301
843
793
973
566
99
479
151
826
602
659
215
751
818
457
585
757
333
475
631
572
613
60
565
808
438
755
991
208
465
33
704
189
362
129
926
899
846
833
304
926
29
895
11
535
777
816
55
861
360
618
510
599
482
454
149
114
169
199
992
743
547
72
807
525
621
696
976
873
38
859
446
775
995
23
364
999
371
363
232
406
890
693
667
460
266
932
839
607
276
867
235
581
993
477
84
313
886
769
387
74
196
809
609
749
195
175
953
329
397
880
32
522
574
3
838
890
320
988
719
641
346
515
456
175
469
126
77
392
385
906
124
329
984
528
721
935
312
110
576
347
758
294
575
746
796
45
474
742
636
717
357
436
566
159
516
483
516
698
273
731
379
378
320
168
367
689
879
249
396
632
968
767
118
487
604
228
534
717
772
625
115
877
514
951
881
140
941
598
345
448
382
415
217
958
398
241
967
93
384
962
883
911
150
41
85
998
201
862
841
317
360
467
89
654
266
469
674
692
714
39
639
727
412
58
897
599
958
112
856
483
167
228
43
518
432
994
453
792
504
634
546
421
482
966
145
337
18
13
571
906
833
351
651
759
975
663
914
32
419
660
507
393
100
531
510
225
616
456
501
490
655
982
71
922
591
218
365
881
77
248
281
184
443
445
680
302
669
594
902
852
315
966
371
366
227
394
997
726
798
496
998
27
292
689
484
600
787
496
130
865
984
255
767
967
353
648
620
85
773
913
92
798
710
864
648
103
350
259
775
375
899
292
266
295
560
240
165
292
426
651
233
740
106
650
726
37
841
26
438
294
907
740
133
86
937
486
134
998
198
391
419
356
919
68
768
736
856
698
949
498
554
202
615
941
373
451
852
100
872
24
744
832
901
153
907
997
574
439
189
315
403
627
286
695
132
326
554
751
158
22
957
74
109
826
625
863
255
872
739
620
421
902
682
411
459
796
837
148
947
62
279
866
566
774
463
145
49
668
464
775
345
841
283
37
426
635
483
328
116
683
769
554
484
146
931
233
396
370
736
43
815
958
105
411
149
12
691
594
338
321
796
136
434
127
759
144
488
219
623
952
723
411
153
946
265
408
3
343
783
569
549
109
102
826
127
23
641
834
727
450
285
140
321
91
827
767
673
21
740
180
115
218
940
209
414
666
151
959
565
135
117
289
210
448
948
936
155
698
265
232
411
354
375
983
543
734
227
183
819
882
29
375
714
161
849
706
372
984
27
588
533
997
604
66
679
465
200
668
39
662
706
143
376
45
22
338
759
579
68
58
312
150
406
656
173
519
392
955
177
130
632
866
255
21
767
327
684
97
335
765
592
813
924
515
996
648
32
417
671
840
429
195
954
475
552
264
869
553
172
217
984
598
339
557
380
504
331
247
921
324
47
275
965
319
458
812
851
613
368
741
830
396
377
46
10
269
250
374
51
764
252
912
662
706
417
880
488
794
860
566
286
692
731
293
964
902
704
653
815
208
97
290
727
590
323
916
225
53
96
84
837
630
56
676
435
201
970
718
2
738
180
450
226
223
5
824
978
372
785
571
799
356
976
316
520
922
172
287
422
983
823
167
525
59
923
53
894
404
110
788
334
656
294
982
21
272
134
82
40
173
802
975
716
41
408
695
383
774
295
966
313
874
377
479
753
721
993
20
237
494
295
235
375
168
89
224
363
624
59
43
813
780
448
162
557
230
919
394
102
9
956
568
972
18
189
987
772
308
574
208
883
926
765
492
151
481
795
698
850
109
467
295
703
71
736
684
495
709
673
894
420
326
708
563
702
613
259
493
155
769
353
454
366
710
495
645
708
251
689
420
635
62
98
265
124
251
684
97
651
612
678
429
803
210
73
464
351
758
863
103
386
53
780
391
967
904
926
948
16
83
226
789
442
727
115
3
824
509
779
822
14
524
621
276
784
57
920
113
177
689
876
872
919
227
247
589
674
866
845
416
992
125
663
18
180
380
150
994
518
807
862
352
663
143
525
294
567
796
822
696
788
781
224
875
674
639
798
180
730
378
329
881
395
817
98
789
501
18
575
342
725
597
887
881
242
263
844
731
797
644
577
148
564
827
708
32
743
610
191
344
145
218
193
537
823
212
708
361
928
696
57
32
161
331
162
466
79
815
529
506
749
453
840
199
929
315
255
821
269
883
846
589
10
609
313
346
571
60
481
888
403
382
525
629
883
352
657
498
757
681
542
656
36
447
734
235
937
654
3
658
463
67
962
111
187
592
147
586
264
929
96
527
517
309
361
565
907
152
19
632
991
917
842
281
436
646
731
558
490
375
157
37
930
830
804
176
883
725
942
483
508
368
741
922
586
636
686
701
404
910
290
871
313
994
138
83
941
341
307
378
650
284
484
146
461
595
449
567
327
765
859
508
576
898
418
292
280
338
723
970
271
938
221
600
648
145
641
160
631
708
923
62
152
375
327
828
540
491
708
868
721
80
161
202
439
334
196
40
871
317
609
538
415
261
21
67
588
232
470
925
946
687
851
219
291
205
261
707
741
444
616
660
901
648
173
823
660
711
709
531
805
582
857
156
6
456
5
778
167
471
611
885
799
363
498
764
7
825
82
109
747
790
780
785
507
800
610
159
244
770
289
205
277
670
114
758
87
610
632
796
275
393
207
242
568
193
544
812
612
962
881
272
300
251
849
924
516
60
611
282
410
721
194
704
364
283
952
334
851
504
113
966
628
458
999
292
391
890
169
361
806
164
938
795
171
173
355
841
828
212
970
588
341
927
107
555
921
609
702
779
721
946
788
536
491
177
54
402
540
726
459
579
658
986
129
5
187
208
548
507
819
596
522
957
272
73
125
276
389
841
446
527
862
491
850
212
958
66
240
44
180
365
392
600
132
938
348
808
278
356
13
198
446
221
320
427
183
864
191
592
587
811
481
276
470
645
713
227
134
701
311
441
606
698
14
980
969
874
555
360
416
984
41
539
699
852
156
859
912
887
169
101
393
6
34
997
896
261
732
853
835
208
843
493
530
544
241
526
86
682
595
832
62
385
805
462
289
569
196
773
675
713
86
463
412
843
268
333
136
136
405
831
477
480
415
530
570
727
785
390
547
837
422
655
700
858
84
363
447
54
33
626
803
379
944
924
579
495
156
156
602
210
406
242
136
112
773
846
513
252
753
972
303
991
819
586
42
368
