760
2
397
338
136
174
786
693
281
321
649
59
463
773
364
508
36
276
523
555
979
734
929
921
850
230
448
963
959
957
106
722
478
456
982
663
357
16
548
305
574
991
91
863
886
361
346
19
703
315
844
354
251
273
815
154
500
763
328
555
713
600
531
86
247
392
757
697
685
515
141
576
925
390
421
850
498
940
35
624
390
417
352
491
593
173
781
232
916
359
337
216
837
44
473
472
284
649
347
248
168
963
396
124
278
640
4
213
400
589
13
342
919
105
850
120
916
528
131
522
552
181
783
403
686
331
855
572
558
90
767
192
190
673
910
945
395
527
879
292
656
92
529
961
662
516
456
461
973
240
428
140
318
741
266
644
373
155
562
538
516
78
812
778
608
135
667
963
380
232
905
835
0
837
961
611
980
840
555
813
528
102
626
930
981
207
640
329
591
388
757
248
506
663
897
111
956
137
689
908
510
111
330
437
799
90
869
726
92
482
516
519
543
903
594
202
85
210
805
716
309
275
342
936
402
623
435
625
330
562
296
358
873
144
503
541
32
368
393
298
182
8
509
896
283
788
798
814
654
144
775
146
504
508
243
359
494
120
353
378
466
142
766
360
106
792
755
560
607
919
383
173
382
926
578
912
661
813
854
305
937
823
584
246
470
977
281
427
927
557
796
503
304
330
970
121
534
381
167
161
400
672
408
226
643
845
286
72
514
712
56
555
38
25
674
222
583
487
810
166
842
812
642
482
104
415
878
482
290
469
584
42
746
88
769
49
502
126
153
20
570
993
144
301
657
987
934
312
779
87
641
743
114
901
673
124
877
428
892
477
829
585
120
699
784
368
426
642
982
790
617
892
461
627
780
970
348
694
406
39
87
931
219
826
549
802
578
796
25
573
238
82
657
208
780
574
248
154
237
482
635
121
113
517
674
442
775
650
899
953
237
636
356
611
893
874
519
831
510
115
859
421
524
29
218
533
875
120
684
484
722
455
388
562
703
228
611
580
173
395
730
95
372
875
511
751
424
480
727
639
336
662
906
541
882
294
932
257
537
886
546
371
777
468
395
840
788
348
557
607
545
175
50
614
29
392
179
641
920
973
561
629
77
270
542
884
661
93
614
914
403
606
219
656
369
8
567
354
432
109
8
177
984
78
793
140
82
906
308
150
355
518
78
757
893
972
856
929
260
757
299
442
528
288
159
771
549
786
350
471
271
772
224
888
553
479
207
186
139
116
524
235
596
754
326
295
19
475
892
472
250
335
379
747
123
231
795
408
645
655
156
637
802
973
758
205
453
584
130
570
727
304
720
176
535
779
58
892
919
862
158
223
591
317
985
37
136
579
431
658
464
852
484
713
318
292
43
184
914
90
220
642
486
582
270
867
284
945
647
117
907
276
978
374
712
924
502
249
986
486
51
296
392
23
79
584
666
605
359
729
367
684
349
458
705
428
203
601
457
145
511
160
467
489
858
148
231
607
34
352
271
879
712
669
206
914
905
472
257
852
987
996
314
784
880
997
114
340
330
965
874
901
356
845
66
920
989
12
778
234
560
29
520
53
390
903
612
707
211
202
187
0
692
99
246
89
255
742
322
775
456
8
689
315
301
63
537
744
946
670
351
718
842
615
880
749
88
59
321
812
553
114
663
120
378
321
620
218
980
77
968
374
693
733
212
146
628
33
260
121
864
489
946
740
739
764
361
16
719
960
398
878
745
262
388
219
284
611
981
920
433
470
689
531
210
909
224
107
87
964
302
392
225
474
51
753
227
142
160
394
971
17
240
680
276
282
678
26
718
730
636
547
703
745
952
43
78
885
889
581
215
364
149
961
608
956
348
451
94
722
221
931
286
59
784
304
831
603
818
720
359
417
406
384
474
649
758
326
693
218
821
367
90
939
416
939
337
407
316
905
167
402
661
630
598
522
618
284
951
170
670
964
216
624
656
499
926
520
964
855
200
191
815
188
625
70
574
678
524
530
241
391
761
391
455
578
210
411
30
884
462
866
802
612
248
2
871
791
427
67
676
858
444
591
136
731
687
822
668
896
730
647
470
682
484
789
164
411
611
517
991
74
734
609
49
350
604
762
953
393
239
889
106
692
574
493
767
916
419
899
387
250
296
906
824
12
906
328
570
995
788
168
419
777
527
311
738
824
270
109
190
927
624
511
794
946
382
59
643
129
245
61
932
955
65
748
181
73
784
292
822
537
897
476
117
443
160
954
394
222
819
150
269
370
865
917
239
192
394
928
629
518
192
289
558
487
347
715
833
545
