760
2
397
338
136
174
786
693
281
321
649
59
463
773
364
508
36
276
523
555
979
734
929
921
850
230
448
963
959
957
106
722
478
456
982
663
357
16
548
305
574
991
91
863
886
361
346
19
703
315
844
354
251
273
815
154
500
763
328
555
713
600
531
86
247
392
757
697
685
515
141
576
925
390
421
850
498
940
35
624
390
417
352
491
593
173
781
232
916
359
337
216
837
44
473
472
284
649
347
248
168
963
396
124
278
640
4
213
400
589
13
342
919
105
850
120
916
528
131
522
552
181
783
403
686
331
855
572
558
90
767
192
190
673
910
945
395
527
879
292
656
92
529
961
662
516
456
461
973
240
428
140
318
741
266
644
373
155
562
538
516
78
812
778
608
135
667
963
380
232
905
835
0
837
961
611
980
840
555
813
528
102
626
930
981
207
640
329
591
388
757
248
506
663
897
111
956
137
689
908
510
111
330
437
799
90
869
726
92
482
516
519
543
903
594
202
85
210
805
716
309
275
342
936
402
623
435
625
330
562
296
358
873
144
503
541
32
368
393
298
182
8
509
896
283
788
798
814
654
144
775
146
504
508
243
359
494
120
353
378
466
142
766
360
106
792
755
560
607
919
383
173
382
926
578
912
661
813
854
305
937
823
584
246
470
977
281
427
927
557
796
503
304
330
970
121
534
381
167
161
400
672
408
226
643
845
286
72
514
712
56
555
38
25
674
222
583
487
810
166
842
812
642
482
104
415
878
482
290
469
584
42
746
88
769
49
502
126
153
20
570
993
144
301
657
987
934
312
779
87
641
743
114
901
673
124
877
428
892
477
829
585
120
699
784
368
426
642
982
790
617
892
461
627
780
970
348
694
406
39
87
931
219
826
549
802
578
796
25
573
238
82
657
208
780
574
248
154
237
482
635
121
113
517
674
442
775
650
899
953
237
636
356
611
893
874
519
831
510
115
859
421
524
29
218
533
875
120
684
484
722
455
388
562
703
228
611
580
173
395
730
95
372
875
511
751
424
480
727
639
336
662
906
541
882
294
932
257
537
886
546
371
777
468
395
840
788
348
557
607
545
175
50
614
29
392
179
641
920
973
561
629
77
270
542
884
661
93
614
914
403
606
219
656
369
8
567
354
432
109
8
177
984
78
793
140
82
906
308
150
355
518
78
757
893
972
856
929
260
757
299
442
528
288
159
771
549
786
350
471
271
772
224
888
553
479
207
186
139
116
524
235
596
754
326
295
19
475
892
472
250
335
379
747
123
231
795
408
645
655
156
637
802
973
758
205
453
584
130
570
727
304
720
176
535
779
58
892
919
862
158
223
591
317
985
37
136
579
431
658
464
852
484
713
318
292
43
184
914
90
220
642
486
582
270
867
284
945
647
117
907
276
978
374
712
924
502
249
986
486
51
296
392
23
79
584
666
605
359
729
367
684
349
458
705
428
203
601
457
145
511
160
467
489
858
148
231
607
34
352
271
879
712
669
206
914
905
472
257
852
987
996
314
784
880
997
114
340
330
965
874
901
356
845
66
920
989
12
778
234
560
29
520
53
390
903
612
707
211
202
187
0
692
99
246
89
255
742
322
775
456
8
689
315
301
63
537
744
946
670
351
718
842
615
880
749
88
59
321
812
553
114
663
120
378
321
620
218
980
77
968
374
693
733
212
146
628
33
260
121
864
489
946
740
739
764
361
16
719
960
398
878
745
262
388
219
284
611
981
920
433
470
689
531
210
909
224
107
87
964
302
392
225
474
51
753
227
142
160
394
971
17
240
680
276
282
678
26
718
730
636
547
703
745
952
43
78
885
889
581
215
364
149
961
608
956
348
451
94
722
221
931
286
59
784
304
831
603
818
720
359
417
406
384
474
649
758
326
693
218
821
367
90
939
416
939
337
407
316
905
167
402
661
630
598
522
618
284
951
170
670
964
216
624
656
499
926
520
964
855
200
191
815
188
625
70
574
678
524
530
241
391
761
391
455
578
210
411
30
884
462
866
802
612
248
2
871
791
427
67
676
858
444
591
136
731
687
822
668
896
730
647
470
682
484
789
164
411
611
517
991
74
734
609
49
350
604
762
953
393
239
889
106
692
574
493
767
916
419
899
387
250
296
906
824
12
906
328
570
995
788
168
419
777
527
311
738
824
270
109
190
927
624
511
794
946
382
59
643
129
245
61
932
955
65
748
181
73
784
292
822
537
897
476
117
443
160
954
394
222
819
150
269
370
865
917
239
192
394
928
629
518
192
289
558
487
347
715
833
545
728
260
400
870
918
371
503
302
847
56
140
958
415
492
309
924
158
797
261
188
587
565
336
501
400
86
73
849
604
693
955
298
108
47
624
625
767
168
254
292
34
453
53
651
6
866
617
183
701
190
965
417
83
384
540
943
9
617
833
795
878
833
245
827
158
956
900
216
714
193
468
566
497
247
969
443
11
759
921
579
332
493
25
521
374
435
571
395
637
92
354
693
902
845
20
600
710
331
459
601
908
216
552
220
131
35
485
257
880
947
339
792
477
441
49
159
48
819
256
105
345
317
274
433
925
466
816
73
983
539
381
993
37
876
782
624
966
285
539
743
598
590
975
758
577
741
501
740
367
814
164
313
730
388
435
783
206
69
745
711
127
251
793
696
46
835
202
371
760
47
42
777
47
472
128
416
681
633
417
662
561
875
950
799
221
49
91
717
405
479
388
639
152
673
560
578
3
506
791
381
411
505
777
33
251
363
634
725
175
83
948
669
415
493
891
575
720
420
504
894
413
244
497
908
318
779
799
604
41
263
127
167
966
791
334
791
323
840
652
805
204
675
545
794
938
899
298
174
688
521
870
953
842
281
263
39
15
746
945
649
39
231
864
719
874
551
409
478
979
47
913
269
598
223
717
51
247
614
236
247
290
759
195
193
64
376
21
233
927
143
90
846
800
716
906
780
540
5
106
483
933
178
325
540
922
677
751
116
101
915
533
563
747
145
864
142
493
373
923
843
877
337
342
344
135
923
297
531
155
9
437
43
523
391
874
123
408
327
937
201
914
141
931
976
478
578
931
839
148
994
23
427
451
214
315
147
120
275
61
475
768
146
375
468
353
780
699
594
30
39
651
212
129
930
430
229
566
354
227
673
814
679
915
660
313
17
80
124
153
175
543
706
497
221
737
563
840
476
120
212
963
30
639
883
249
131
88
376
292
888
626
776
648
819
574
843
356
860
13
874
94
677
206
796
299
734
839
183
330
905
489
406
992
171
517
419
301
134
624
681
893
270
630
593
871
549
503
458
882
641
207
822
87
768
947
161
33
461
369
604
991
964
256
998
760
143
509
553
535
923
551
715
905
103
774
84
434
183
448
772
195
697
364
363
784
847
385
515
306
230
905
442
548
825
167
328
624
850
125
879
8
56
609
25
553
683
439
742
850
746
114
682
351
892
824
626
966
436
891
53
518
879
40
818
778
241
843
526
651
818
383
211
193
45
339
798
811
259
564
936
348
270
206
951
744
691
523
575
81
924
762
907
537
306
83
967
94
243
733
919
800
849
861
84
524
286
196
367
823
715
380
993
223
218
368
649
233
156
295
176
586
465
500
528
869
623
430
617
700
225
894
630
188
262
788
933
679
880
179
537
770
190
681
944
427
486
937
295
272
259
144
836
571
116
750
291
96
361
996
410
469
487
133
405
139
602
488
104
46
31
173
764
381
632
339
264
825
415
800
732
70
497
731
597
553
809
868
508
970
687
778
294
740
922
401
513
436
1
347
386
815
653
741
205
413
852
883
732
70
407
450
302
795
267
45
409
525
879
188
287
214
563
112
476
876
364
661
416
590
53
771
481
88
653
462
427
445
95
60
939
270
334
895
519
802
948
88
395
767
289
753
68
674
678
949
910
609
70
631
868
558
487
255
171
117
954
164
903
229
316
295
743
892
833
126
293
256
824
576
76
223
902
980
203
337
187
836
286
578
972
89
115
882
334
390
441
105
220
674
565
739
832
351
597
823
734
893
152
612
487
178
918
828
53
833
90
42
405
8
276
592
529
142
322
240
454
426
728
704
435
674
353
289
484
761
384
9
53
879
722
51
109
238
507
682
852
375
579
971
132
644
365
1
53
641
672
120
586
920
843
191
141
673
790
97
413
315
343
119
516
258
665
200
363
150
962
257
159
566
149
609
567
559
987
335
95
573
574
689
821
715
907
401
423
489
116
659
675
653
260
831
228
914
694
817
622
950
773
681
717
356
207
63
643
605
245
43
553
652
837
838
810
409
782
259
783
133
41
994
326
744
165
326
46
294
80
951
241
193
44
859
470
561
864
851
609
9
1
135
848
99
450
369
232
108
878
915
866
28
673
442
199
340
224
504
893
641
625
49
380
400
840
882
964
896
767
933
726
915
717
903
297
139
532
420
150
751
721
590
2
968
356
256
415
643
390
253
424
565
844
810
103
315
702
902
681
328
330
795
267
419
516
160
692
221
314
727
752
746
453
254
941
969
949
684
232
293
30
528
567
945
712
684
62
405
617
166
233
817
779
