760
2
397
338
136
174
786
693
281
321
649
59
463
773
364
508
36
276
523
555
979
734
929
921
850
230
448
963
959
957
106
722
478
456
982
663
357
16
548
305
574
991
91
863
886
361
346
19
703
315
844
354
251
273
815
154
500
763
328
555
713
600
531
86
247
392
757
697
685
515
141
576
925
390
421
850
498
940
35
624
390
417
352
491
593
173
781
232
916
359
337
216
837
44
473
472
284
649
347
248
168
963
396
124
278
640
4
213
400
589
13
342
919
105
850
120
916
528
131
522
552
181
783
403
686
331
855
572
558
90
767
192
190
673
910
945
395
527
879
292
656
92
529
961
662
516
456
461
973
240
428
140
318
741
266
644
373
155
562
538
516
78
812
778
608
135
667
963
380
232
905
835
0
837
961
611
980
840
555
813
528
102
626
930
981
207
640
329
591
388
757
248
506
663
897
111
956
137
689
908
510
111
330
437
799
90
869
726
92
482
516
519
543
903
594
202
85
210
805
716
309
275
342
936
402
623
435
625
330
562
296
358
873
144
503
541
32
368
393
298
182
8
509
896
283
788
798
814
654
144
775
146
504
508
243
359
494
120
353
378
466
142
766
360
106
792
755
560
607
919
383
173
382
926
578
912
661
813
854
305
937
823
584
246
470
977
281
427
927
557
796
503
304
330
970
121
534
381
167
161
400
672
408
226
643
845
286
72
514
712
56
555
38
25
674
222
583
487
810
166
842
812
642
482
104
415
878
482
290
469
584
42
746
88
769
49
502
126
153
20
570
993
144
301
657
987
934
312
779
87
641
743
114
901
673
124
877
428
892
477
829
585
120
699
784
368
426
642
982
790
617
892
461
627
780
970
348
694
406
39
87
931
219
826
549
802
578
796
25
573
238
82
657
208
780
574
248
154
237
482
635
121
113
517
674
442
775
650
899
953
237
636
356
611
893
874
519
831
510
115
859
421
524
29
218
533
875
120
684
484
722
455
388
562
703
228
611
580
173
395
730
95
372
875
511
751
424
480
727
639
336
662
906
541
882
294
932
257
537
886
546
371
777
468
395
840
788
348
557
607
545
175
50
614
29
392
179
641
920
973
561
629
77
270
542
884
661
93
614
914
403
606
219
656
369
8
567
354
432
109
8
177
984
78
793
140
82
906
308
150
355
518
78
757
893
972
856
929
260
757
299
442
528
288
159
771
549
786
350
471
271
772
224
888
553
479
207
186
139
116
524
235
596
754
326
295
19
475
892
472
250
335
379
747
123
231
795
408
645
655
156
637
802
973
758
205
453
584
130
570
727
304
720
176
535
779
58
892
919
862
158
223
591
317
985
37
136
579
431
658
464
852
484
713
318
292
43
184
914
90
220
642
486
582
270
867
284
945
647
117
907
276
978
374
712
924
502
249
986
486
51
296
392
23
79
584
666
605
359
729
367
684
349
458
705
428
203
601
457
145
511
160
467
489
858
148
231
607
34
352
271
879
712
669
206
914
905
472
257
852
987
996
314
784
880
997
114
340
330
965
874
901
356
845
66
920
989
12
778
234
560
29
520
53
390
903
612
707
211
202
187
0
692
99
246
89
255
742
322
775
456
8
689
315
301
63
537
744
946
670
351
718
842
615
880
749
88
59
321
812
553
114
663
120
378
321
620
218
980
77
968
374
693
733
212
146
628
33
260
121
864
489
946
740
739
764
361
16
719
960
398
878
745
262
388
219
284
611
981
920
433
470
689
531
210
909
224
107
87
964
302
392
225
474
51
753
227
142
160
394
971
17
240
680
276
282
678
26
718
730
636
547
703
745
952
43
78
885
889
581
215
364
149
961
608
956
348
451
94
722
221
931
286
59
784
304
831
603
818
720
359
417
406
384
474
649
758
326
693
218
821
367
90
939
416
939
337
407
316
905
167
402
661
630
598
522
618
284
951
170
670
964
216
624
656
499
926
520
964
855
200
191
815
188
625
70
574
678
524
530
241
391
761
391
455
578
210
411
30
884
462
866
802
612
248
2
871
791
427
67
676
858
444
591
136
731
687
822
668
896
730
647
470
682
484
789
164
411
611
517
991
74
734
609
49
350
604
762
953
393
239
889
106
692
574
493
767
916
419
899
387
250
296
906
824
12
906
328
570
995
788
168
419
777
527
311
738
824
270
109
190
927
624
511
794
946
382
59
643
129
245
61
932
955
65
748
181
73
784
292
822
537
897
476
117
443
160
954
394
222
819
150
269
370
865
917
239
192
394
928
629
518
192
289
558
487
347
715
833
545
728
260
400
870
918
371
503
302
847
56
140
958
415
492
309
924
158
797
261
188
587
565
336
501
400
86
73
849
604
693
955
298
108
47
624
625
767
168
254
292
34
453
53
651
6
866
617
183
701
190
965
417
83
384
540
943
9
617
833
795
878
833
245
827
158
956
900
216
714
193
468
566
497
247
969
443
11
759
921
579
332
493
25
521
374
435
571
395
637
92
354
693
902
845
20
600
710
331
459
601
908
216
552
220
131
35
485
257
880
947
339
792
477
441
49
159
48
819
256
105
345
317
274
433
925
466
816
73
983
539
381
993
37
876
782
624
966
285
539
743
598
590
975
758
577
741
501
740
367
814
164
313
730
388
435
783
206
69
745
711
127
251
793
696
46
835
202
371
760
47
42
777
47
472
128
416
681
633
417
662
561
875
950
799
221
49
91
717
405
479
388
639
152
673
560
578
3
506
791
381
411
505
777
33
251
363
634
725
175
83
948
669
415
493
891
575
720
420
504
894
413
244
497
908
318
779
799
604
41
263
127
167
966
791
334
791
323
840
652
805
204
675
545
794
938
899
298
174
688
521
870
953
842
281
263
39
15
746
945
649
39
231
864
719
874
551
409
478
979
47
913
269
598
223
717
51
247
614
236
247
290
759
195
193
64
376
21
233
927
143
90
846
800
716
906
780
540
5
106
483
933
178
325
540
922
677
751
116
101
915
533
563
747
145
864
142
493
373
923
843
877
337
342
344
135
923
297
531
155
9
437
43
523
391
874
123
408
327
937
201
914
141
931
976
478
578
931
839
148
994
23
427
451
214
315
147
120
275
61
475
768
146
375
468
353
780
699
594
30
39
651
212
129
930
430
229
566
354
227
673
814
679
915
660
313
17
80
124
153
175
543
706
497
221
737
563
840
476
120
212
963
30
639
883
249
131
88
376
292
888
626
776
648
819
574
843
356
860
13
874
94
677
206
796
299
734
839
183
330
905
489
406
992
171
517
419
301
134
624
681
893
270
630
593
871
549
503
458
882
641
207
822
87
768
947
161
33
461
369
604
991
964
256
998
760
143
509
553
535
923
551
715
905
103
774
84
434
183
448
772
195
697
364
363
784
847
385
515
306
230
905
442
548
825
167
328
624
850
125
879
8
56
609
25
553
683
439
742
850
746
114
682
351
892
824
626
966
436
891
53
518
879
40
818
778
241
843
526
651
818
383
211
193
45
339
798
811
259
564
936
348
270
206
951
744
691
523
575
81
924
762
907
537
306
83
967
94
243
733
919
800
849
861
84
524
286
196
367
823
715
380
993
223
218
368
649
233
156
295
176
586
465
500
528
869
623
430
617
700
225
894
630
188
262
788
933
679
880
179
537
770
190
681
944
427
486
937
295
272
259
144
836
571
116
750
291
96
361
996
410
469
487
133
405
139
602
488
104
46
31
173
764
381
632
339
264
825
415
800
732
70
497
731
597
553
809
868
508
970
687
778
294
740
922
401
513
436
1
347
386
815
653
741
205
413
852
883
732
70
407
450
302
795
267
45
409
525
879
188
287
214
563
112
476
876
364
661
416
590
53
771
481
88
653
462
427
445
95
60
939
270
334
895
519
802
948
88
395
767
289
753
68
674
678
949
910
609
70
631
868
558
487
255
171
117
954
164
903
229
316
295
743
892
833
126
293
256
824
576
76
223
902
980
203
337
187
836
286
578
972
89
115
882
334
390
441
105
220
674
565
739
832
351
597
823
734
893
152
612
487
178
918
828
53
833
90
42
405
8
276
592
529
142
322
240
454
426
728
704
435
674
353
289
484
761
384
9
53
879
722
51
109
238
507
682
852
375
579
971
132
644
365
1
53
641
672
120
586
920
843
191
141
673
790
97
413
315
343
119
516
258
665
200
363
150
962
257
159
566
149
609
567
559
987
335
95
573
574
689
821
715
907
401
423
489
116
659
675
653
260
831
228
914
694
817
622
950
773
681
717
356
207
63
643
605
245
43
553
652
837
838
810
409
782
259
783
133
41
994
326
744
165
326
46
294
80
951
241
193
44
859
470
561
864
851
609
9
1
135
848
99
450
369
232
108
878
915
866
28
673
442
199
340
224
504
893
641
625
49
380
400
840
882
964
896
767
933
726
915
717
903
297
139
532
420
150
751
721
590
2
968
356
256
415
643
390
253
424
565
844
810
103
315
702
902
681
328
330
795
267
419
516
160
692
221
314
727
752
746
453
254
941
969
949
684
232
293
30
528
567
945
712
684
62
405
617
166
233
817
779
696
48
142
306
45
205
440
3
579
473
127
984
440
630
866
184
838
699
929
729
259
685
647
875
731
598
977
813
805
486
76
574
322
33
785
166
401
622
486
280
885
414
255
769
634
502
577
616
194
191
502
202
164
622
927
850
763
357
41
45
104
9
391
746
891
91
858
339
11
427
690
208
874
915
458
216
180
791
88
979
208
159
700
570
305
664
610
297
789
149
878
341
43
812
674
446
329
575
221
655
797
484
795
527
662
567
638
891
893
465
281
1
826
623
787
661
150
716
291
450
824
931
925
151
989
556
287
985
30
91
318
239
73
947
602
241
115
581
76
293
652
547
801
969
907
35
334
342
789
555
729
247
984
619
684
996
496
491
104
308
772
289
788
663
561
827
798
455
697
339
814
304
341
914
801
901
118
522
787
25
351
401
227
867
532
309
817
545
255
123
531
330
813
26
768
459
624
238
369
944
303
821
915
620
699
479
71
438
378
426
681
228
186
394
467
895
551
127
259
415
598
796
822
633
825
580
396
297
452
792
163
316
372
599
41
721
0
538
957
158
403
67
697
606
839
97
571
228
270
141
220
331
141
567
746
854
373
259
673
131
433
117
843
561
587
545
455
541
739
836
252
983
705
967
747
320
307
516
882
415
935
524
473
388
533
10
578
771
974
802
152
566
533
647
115
264
515
361
886
785
967
535
134
262
579
293
662
651
569
215
489
504
753
293
327
698
948
240
406
48
774
7
312
681
568
883
226
242
918
769
899
862
153
293
305
257
199
446
398
523
834
825
867
640
98
800
51
845
251
979
695
519
212
907
856
978
569
560
149
134
76
770
940
833
132
185
231
922
7
258
575
807
350
363
593
242
253
767
363
842
123
899
242
18
521
838
747
247
863
754
830
302
146
582
86
986
817
644
833
910
840
862
368
858
191
87
587
646
75
569
147
513
742
198
744
578
43
205
187
980
262
129
179
43
678
26
351
195
415
592
90
618
176
587
387
729
42
37
443
712
490
883
333
321
204
138
430
728
310
91
188
945
707
639
227
307
234
856
785
229
287
864
587
299
776
559
835
740
180
205
461
63
393
442
579
946
585
576
247
483
925
163
866
266
195
528
737
559
400
453
661
200
617
857
501
583
609
692
939
439
636
66
843
506
276
705
736
590
197
790
280
164
3
744
472
749
35
601
206
435
791
843
929
978
150
63
932
344
560
796
59
439
604
89
601
228
585
891
586
732
822
605
61
843
369
259
392
794
965
949
909
633
176
341
8
9
170
737
637
231
928
43
755
369
119
326
84
467
868
706
821
206
837
390
433
707
741
414
891
228
208
444
854
522
955
466
915
768
894
209
188
619
149
693
977
234
690
268
578
292
13
616
878
995
333
662
531
741
383
633
372
849
551
635
772
869
327
98
934
317
269
552
657
530
60
627
252
358
951
707
603
13
115
548
574
646
485
687
313
657
913
614
430
868
916
593
239
665
111
462
800
56
105
414
542
273
879
14
306
205
82
503
77
430
149
215
691
215
123
85
467
54
394
434
78
324
460
114
525
89
715
686
660
481
420
229
784
114
303
842
251
13
829
348
347
35
579
850
517
524
833
231
46
556
613
397
864
444
471
320
981
0
518
80
887
501
763
812
48
473
432
262
453
315
316
961
644
541
329
464
176
440
776
284
796
42
575
142
148
277
328
670
412
709
617
451
989
983
43
908
713
45
217
777
371
736
698
288
461
435
445
422
612
326
261
374
393
172
49
574
780
652
300
515
977
930
822
341
548
678
966
978
611
391
691
460
992
203
115
835
329
548
375
475
460
187
815
372
138
345
130
781
731
884
103
687
233
283
951
667
657
685
287
229
837
348
442
390
88
245
254
393
17
508
341
421
272
210
585
108
827
279
489
689
422
910
691
56
658
41
382
15
290
894
703
908
303
445
212
335
36
938
409
931
848
882
113
849
609
978
285
693
616
686
15
754
204
625
779
904
850
228
794
534
262
938
75
955
417
165
158
567
568
106
26
330
417
854
857
943
197
923
340
546
848
577
686
826
980
662
242
722
261
936
195
141
727
335
37
976
880
595
426
658
952
802
825
817
728
830
606
382
671
363
634
474
196
730
180
99
894
26
958
667
729
431
507
90
491
21
438
454
811
248
512
199
503
900
885
405
941
590
510
104
59
145
123
800
70
762
179
606
587
185
669
257
963
221
186
496
739
800
871
330
466
298
142
858
919
847
396
500
918
579
46
957
99
136
841
890
703
783
960
787
604
146
414
48
838
567
609
865
495
913
441
864
412
780
111
679
669
149
796
616
108
812
728
623
328
111
808
859
955
361
738
295
860
386
549
450
66
967
228
992
85
529
248
78
643
870
568
322
215
559
698
258
106
572
372
735
710
43
956
511
225
542
861
849
39
824
96
112
418
251
60
221
227
932
419
938
146
124
132
466
895
520
886
19
23
548
213
981
22
850
395
707
900
970
851
50
68
830
985
263
135
871
153
869
670
315
929
974
872
439
987
740
74
402
654
83
636
229
26
761
18
250
42
444
939
454
328
673
607
290
935
929
734
829
119
905
370
242
343
958
268
623
969
173
490
761
453
745
540
611
233
754
316
750
346
262
884
153
400
235
797
919
796
523
348
666
596
716
923
627
51
24
789
470
530
749
69
884
625
846
676
722
7
731
63
326
215
910
78
716
149
327
270
323
566
264
627
374
120
29
734
543
206
698
798
28
529
765
751
112
385
23
90
858
35
872
683
556
658
294
513
980
300
319
141
891
787
341
622
306
573
803
857
432
812
109
976
80
268
55
581
926
879
678
335
468
392
131
649
968
858
44
675
354
70
190
937
380
80
41
757
773
700
624
802
251
841
499
818
408
583
411
804
100
858
40
737
216
176
462
704
474
155
731
341
68
853
528
517
18
373
420
311
131
347
903
769
871
449
812
742
327
970
113
439
749
885
740
328
664
830
81
361
51
203
72
795
9
340
579
775
621
922
433
651
782
677
120
172
961
587
400
832
714
679
624
374
698
774
324
204
26
78
271
540
676
664
738
828
583
908
279
419
81
75
264
663
229
553
23
176
549
154
917
661
202
606
713
189
331
589
347
939
355
861
432
406
575
443
678
906
817
446
964
139
106
978
23
474
634
735
683
482
972
234
164
443
109
315
834
987
417
58
137
874
31
128
319
351
714
519
989
16
70
41
361
615
78
430
693
174
335
579
492
791
650
821
180
205
598
261
777
178
484
211
407
166
209
603
776
383
284
930
164
652
64
948
76
509
263
650
784
617
687
571
910
857
718
385
420
181
185
732
34
600
741
665
693
49
449
785
741
479
521
267
311
476
198
855
888
190
263
34
291
704
369
234
1
164
968
672
836
962
5
361
708
249
270
980
353
420
761
773
982
972
153
818
267
139
667
945
474
361
794
18
735
854
741
319
441
125
740
726
945
912
767
956
537
178
89
131
419
721
746
54
483
656
240
684
175
4
976
414
359
338
21
513
624
738
656
650
327
772
273
719
664
670
561
567
873
608
809
468
894
363
733
114
505
106
593
436
456
706
156
782
698
450
460
714
118
97
810
832
92
823
706
438
275
6
44
99
634
95
442
705
752
667
308
33
425
335
373
95
376
481
839
362
688
349
40
861
157
846
879
450
958
855
699
164
416
695
582
41
566
888
399
638
943
809
859
985
812
859
521
733
899
509
14
853
526
257
991
772
354
3
424
425
401
985
80
781
374
386
851
295
710
192
623
40
624
133
163
493
633
863
163
352
858
381
411
587
391
722
375
215
736
703
523
559
688
609
226
38
836
655
435
625
469
775
294
766
859
377
143
116
988
641
441
666
100
448
623
394
836
523
873
661
912
129
794
117
805
193
394
475
664
686
540
886
448
949
68
260
15
952
126
119
849
446
549
62
157
904
625
672
9
876
572
960
658
539
2
953
88
971
218
131
820
230
767
511
391
368
764
756
729
517
152
653
121
722
455
958
774
827
699
364
722
138
306
788
714
62
392
155
175
670
642
361
286
413
770
36
638
481
821
600
326
732
132
248
11
797
648
370
816
865
863
336
34
475
254
328
253
600
321
786
925
108
934
833
453
569
522
532
325
47
6
952
136
17
547
313
867
440
626
592
706
273
765
519
974
988
952
166
934
909
837
848
389
498
506
256
161
782
777
157
740
381
320
1000
609
153
361
213
992
710
957
68
766
861
36
843
952
696
16
287
849
734
978
885
845
819
63
850
794
29
691
889
519
506
851
792
69
792
37
55
499
110
280
285
664
231
373
906
260
146
881
990
55
715
865
786
958
268
247
502
93
559
368
492
332
604
987
486
616
612
683
98
986
568
331
810
209
3
478
191
184
458
511
228
638
432
755
612
824
3
550
132
829
519
426
521
249
916
991
825
332
970
168
189
577
719
446
341
40
891
942
702
20
315
77
838
721
372
696
166
881
708
605
294
770
182
874
101
705
563
344
480
372
277
813
165
181
558
662
123
24
974
875
180
81
401
709
429
633
55
537
538
13
747
539
134
600
770
209
47
110
495
396
405
987
451
290
638
925
173
808
776
531
44
543
492
193
816
962
735
766
614
494
49
256
29
12
867
116
29
578
608
607
443
937
916
867
95
72
969
566
651
498
686
675
35
615
541
381
584
352
603
42
703
799
884
225
624
916
893
615
324
745
541
468
451
71
128
696
543
372
41
541
839
842
318
140
922
14
223
884
668
50
818
518
35
828
27
378
506
47
541
861
659
693
897
330
886
470
389
905
668
784
354
393
70
735
759
846
701
661
5
972
677
160
433
54
996
664
612
731
521
437
105
610
152
908
451
540
623
800
597
251
438
499
639
14
339
407
590
969
760
969
868
96
800
636
297
764
985
661
744
84
133
311
955
300
29
127
105
316
856
947
454
544
971
245
503
436
997
504
766
200
292
995
470
847
711
145
474
484
564
384
507
810
765
870
328
207
759
191
700
70
259
814
36
339
170
392
176
306
934
717
671
553
21
967
163
36
15
291
152
681
471
335
290
42
519
63
367
67
467
693
268
59
461
695
383
398
153
637
652
573
77
613
60
803
412
151
726
130
671
971
237
937
864
306
479
332
242
254
678
111
73
585
492
4
808
65
776
556
394
559
615
769
729
102
868
747
138
681
291
897
387
39
318
240
852
243
269
211
517
273
234
48
361
47
208
451
161
657
532
534
641
602
202
492
243
549
431
190
850
996
5
807
932
398
613
739
752
40
663
9
293
697
741
745
242
648
485
535
644
810
578
181
564
934
269
222
223
715
747
163
170
615
942
704
76
900
303
640
401
884
821
92
680
474
500
701
856
582
213
515
790
546
703
45
866
804
130
918
722
90
932
62
956
662
295
244
777
379
787
517
847
477
569
34
931
654
173
974
726
829
740
473
756
182
8
725
321
861
519
711
169
145
224
381
858
447
290
542
891
353
593
540
787
610
580
711
734
132
862
28
397
33
730
269
439
788
7
348
149
361
941
980
996
549
450
36
981
596
587
895
260
242
232
463
475
432
945
616
469
950
223
697
50
750
405
118
741
894
448
430
116
532
210
547
850
156
879
290
572
843
351
973
638
55
802
40
16
73
217
331
985
26
46
763
876
893
331
705
345
922
334
165
738
352
116
480
994
203
146
873
877
426
261
743
889
582
326
380
48
951
833
976
910
344
472
438
735
281
174
729
199
567
748
722
28
783
79
422
81
858
161
89
182
552
530
680
849
694
883
1
154
700
57
365
16
847
337
564
847
854
978
518
140
857
117
647
430
497
838
616
826
409
652
281
430
402
301
573
307
324
21
296
891
726
597
122
294
863
687
718
400
880
646
703
797
518
810
381
892
177
556
366
925
166
130
464
825
280
823
785
879
187
738
529
194
834
509
971
340
943
1
159
863
746
821
945
553
689
27
795
551
801
341
580
804
337
794
415
77
112
990
883
169
43
75
713
256
154
528
284
375
74
798
189
804
469
840
339
400
718
381
805
661
155
770
607
410
641
933
821
308
881
717
255
897
43
153
410
701
659
225
905
437
779
102
430
469
969
202
59
323
771
265
788
27
347
745
112
763
532
96
410
141
727
646
326
336
26
224
770
489
827
276
108
671
453
272
640
79
992
57
574
771
224
829
966
247
102
177
209
863
430
769
411
619
276
806
466
570
516
467
793
20
677
196
304
50
559
442
440
50
784
8
525
923
861
156
41
431
257
846
351
253
904
100
16
662
912
974
480
636
310
351
35
399
910
446
962
405
2
472
647
866
71
724
580
658
145
398
614
882
694
946
644
667
727
141
415
208
561
330
737
772
965
356
574
283
848
458
128
490
112
967
951
18
511
552
670
605
68
975
44
180
567
506
625
703
903
733
117
423
477
998
731
978
128
817
24
984
777
936
727
688
687
270
163
629
520
622
216
344
600
133
303
495
234
445
936
375
834
183
845
828
583
123
150
453
742
683
963
188
780
89
720
525
948
275
635
427
686
705
719
384
944
368
138
357
392
491
417
95
591
354
601
271
4
71
686
117
630
126
356
475
109
427
504
696
864
175
362
749
439
73
270
311
70
232
860
820
501
164
814
115
78
310
164
380
907
754
111
17
57
356
923
998
748
332
136
575
65
292
783
167
692
346
943
791
812
727
642
516
321
36
728
56
443
288
491
204
115
889
654
809
765
722
222
418
419
72
725
403
582
113
81
266
535
695
106
668
577
224
818
653
545
343
759
648
432
278
252
650
549
261
949
269
467
234
179
278
225
940
134
470
802
191
5
737
837
760
953
962
706
559
109
533
65
