4526310
3567271
8980489
6050735
9509988
1083374
6749592
3032538
5370159
1408769
4384754
7999754
4335341
4365092
2192653
8621258
1163664
4783336
3217371
8274944
236809
1239788
7625268
8172465
5276557
4343315
7451059
8937481
904243
6466175
8809998
2496082
8327052
5901039
5252330
2367405
2207810
5817072
3581285
7350016
597012
2326544
6849776
7439949
5776572
980166
6443361
4880715
1186507
2991795
3218984
2873438
4683796
3110972
7786798
795966
7464487
816113
7898761
7139570
5553169
7925707
6574110
3720547
7850316
5485602
5132574
4722191
1070562
8331463
3065123
6171762
6293212
6534197
8719501
7449723
8001589
8681792
7501162
3280910
9682906
2322158
2756813
7810449
8141001
4837473
845788
3612362
5273592
4077062
5669065
7464897
8377954
7896745
9080342
8310916
9719426
8377519
4784330
3273918
6586353
6678402
8622369
1051606
3636874
9521388
2274791
4876917
8668843
1057499
2443500
562522
8614028
7752255
7377240
8507811
7160543
625139
4394460
386907
9840421
5579762
51294
206644
8645678
6497591
2179539
6966945
9131379
513331
3265941
4701937
7971966
8812273
801886
8297483
9573965
6939313
1708284
1107832
6542796
3008243
1485224
287582
5950720
4091608
3945377
5112398
1273283
9867907
8985942
2420761
5292807
3906078
6548280
3255275
5509351
8197569
6373922
2788129
3334870
3493967
9822980
3747600
9097440
3110419
8990322
9982258
6778282
8455094
8768569
4123842
1563078
63497
3828751
3089868
1305628
2292742
2505898
7671178
8249228
4279908
2852006
3335659
8271456
827687
6710072
7894286
9744153
6305114
7563059
5980396
2564889
8366091
2531944
237518
5140856
5560580
1149121
4779505
9203935
6858126
6629616
8540367
3827910
4632435
5948028
7974907
4213014
9641320
1536355
5541686
1003769
1665818
9938272
118092
5911237
3890728
4786300
7473724
4280538
5585785
5067178
1695787
2020000
2378801
7311197
7888295
7265211
4624576
6760013
7053603
3824697
8689353
6700667
4743854
6560924
946736
914745
3707244
9850838
6971085
5045217
8028124
5774294
8377099
4021893
4365537
4585430
9309887
7723949
6302745
5563075
2023057
8254717
2013266
6509848
9247925
8990108
6166467
2785020
5526757
7157913
6218572
2884862
9024222
7913865
1820970
4000894
6116347
7444700
2409771
6711628
474964
4917877
3458803
5604371
362208
9210978
632696
5496063
2240619
604120
3257243
4890641
8345648
3437702
6676454
4112334
1734785
8088944
8404757
99922
1494356
2889306
6384096
793580
3496824
3245610
1114508
7581128
7013686
5419079
8910379
2867124
1563329
6416011
7251740
976612
1727759
521001
2943388
7733442
5932226
1325776
4189800
511059
6538446
4430242
1170312
8403472
7201163
5607894
283654
2480929
939737
5325385
9527850
4961323
3451407
3293221
9954612
1288109
7681186
9758719
64253
7126604
9434522
6373309
1193643
4739337
5186847
8578379
744401
2755148
2526715
5644616
8148751
8833128
4490203
3487850
139143
8043670
399646
4396925
1999278
1343240
726229
4923801
9968902
3938990
3999962
766914
4482792
5246843
8339104
8982032
1902197
1581086
4794662
5215675
5867036
5979646
675533
7211432
4725293
6331752
4352160
5048824
6024258
4005057
7647508
9299679
3652735
3297927
4558246
8250105
3176780
9128241
2094216
1764109
4919527
939827
9752688
9773942
3878303
2608024
5180493
2411435
1220969
8916
2972111
2217227
5892070
874063
2806316
1205556
2644900
1380714
3180474
8250617
4206659
5962539
9778097
9106140
1669547
3669293
7091601
8884840
4063246
7819908
9338377
8072711
9098555
8792337
4678884
5903665
1454053
7861184
9912062
2639460
2390686
4556149
9819038
2726574
1516653
6973087
7572667
8531390
6212795
6373543
7816875
6282726
4024115
4511006
445605
9482743
2110487
298553
9844919
5923924
2455666
2682524
7201990
1408906
2126955
5152536
9612869
4034708
6651450
8913202
512665
9693830
4208211
6654907
4760678
2643284
4573453
8253468
3400867
6565195
1291707
5070794
2899660
4588114
3663249
6569913
4050434
7706330
6927306
2371810
8444439
1368728
7529954
681827
4661490
6671484
1012191
2806703
7393373
5053210
1561994
7533833
3256251
1354212
6617031
3050868
5757606
4992731
6711607
2851174
6307749
5629478
7808874
1715679
7869577
8139192
9858712
5483726
8873792
4962775
6035759
5142653
6985965
4184484
1163991
2941942
8689796
743731
7908063
7605605
4544550
8390647
838668
7641492
9447502
930481
190529
3131853
5748731
5670149
9179234
5646505
2424017
5363869
4879688
7621813
5119389
249964
1443673
2285392
1264459
4672740
3633459
8943886
4613962
6809393
9994230
382098
496269
6382598
5603435
415314
6066207
7239538
8457206
3581925
7309135
6882480
8362467
2485317
6977153
7218054
5155190
4631340
28552
7235177
5460707
3949622
1182532
2153208
8728833
3430007
832330
1908174
1064270
9772554
5365488
2831920
5017713
5237087
8178691
4486120
3115893
363766
4948429
8561173
7111742
9928112
7768933
8012347
7424394
7359366
4872820
8645214
2536911
1051014
4366724
6526921
7710996
7241958
3360817
40437
8071315
4281563
6538176
3396533
5896422
6111150
3438166
8933148
8197557
9725269
6809422
2476657
2861199
9271979
2790273
3922261
4835626
4343998
3233039
3765017
4497832
4369848
1203891
6577840
5285486
4113482
4976611
7390511
7671852
5887218
8378020
1768791
4656426
5305357
1306971
9858796
586887
1793662
1156258
5483503
8428795
7151357
9802405
3618791
7785993
5911154
806482
4841463
3059694
7308022
6350955
9043325
228233
2649452
3269093
7239862
1483205
493691
9847251
4706870
7504696
7114842
6036701
6709495
5979117
1446168
5793162
4878283
5829912
1884005
5822965
7892594
1444329
7179405
4128223
323348
7146071
5138451
1882876
7991124
8296649
7078342
8963412
24844
3043271
9602552
4458804
9281521
1242637
9566332
4746109
4544233
8897464
4828131
1101400
5492645
8182695
6028188
2130435
6021748
6602550
6362457
5124950
3635347
9397430
6327909
7994148
1897410
2143833
7017528
5638324
3856866
9653508
6965944
5663262
6041912
4564480
5882442
5732247
3637478
3266219
3550798
2115847
3667038
9460339
3733899
9966073
7804343
6238828
8469484
6005003
7868082
8597292
5965123
5625286
1419796
2721139
2789936
6920097
2444908
5429699
5017777
4081204
8524468
5390198
7512302
6128665
3521910
3397796
5800411
9201975
7044313
1582336
582820
6719829
3889352
2284043
4266416
3697012
7888031
4051842
9962686
5503684
6498659
8321176
3478082
1611043
2433891
2975246
544318
7113636
1131276
4449323
7758553
730533
5870360
8439372
5659252
8433385
6225204
5169586
9954159
1778849
4156553
3929665
611197
7616094
9376372
4228736
3562163
9980668
2243094
4605059
5213434
6054470
7554439
4648304
7633223
7309631
1509603
3088014
9770689
1623504
3819239
4897937
655452
2338099
3688168
9834190
6056202
5630484
7406638
9419152
9666609
3309398
9762971
9114896
6675720
223453
7679324
6662246
4389357
2018305
4842842
3968702
3819731
5648704
1777599
7886364
115779
5084299
2326371
320727
6240212
4509136
9888513
8832926
3549882
7211931
5439522
1812620
806082
109577
2958263
3278858
769112
3537666
745469
7529120
1263784
3870430
8176648
1277183
9471786
9085681
7331268
2322974
8410402
6200854
3777194
6540148
9514898
2046549
2168567
1360681
8817531
1868590
7031548
1726437
4109721
377481
725044
6069066
3308159
3843009
8076609
8266581
7193502
8528709
5619950
6553088
2689680
147163
36530
8742033
9121770
8736268
8618038
9497445
6374813
2836248
5661903
7750446
9562293
4876569
9134231
8192237
7509890
3217722
8729615
7473270
1869495
1354266
72217
3685653
8365254
3011591
7732110
5596748
8369650
5729706
5741027
9524073
113800
7011070
5141419
9788757
4774934
4765621
4435931
9958921
8071720
8275826
5398511
1852666
9224608
4619477
5859334
8998261
5223057
5154759
6478612
6782577
5832988
8999040
8139574
5709836
5373516
1810675
7275159
6976041
6502949
9037238
7725963
3836938
6193710
6466295
245855
5830967
6814637
1280452
9634966
5432086
1962034
8508219
9335933
8431563
2144810
2440668
435283
9179943
1988411
3523122
3640665
6174735
6429262
6804314
4884748
6060509
3722486
5275941
6979618
4215973
9140205
5770159
9355101
3254922
3172648
2557602
3652334
1371041
9254864
6979824
9612351
9929421
9327553
6114225
8687499
2073849
1170331
4414058
2573154
8964038
6409299
1779906
5540795
3353579
4094794
1403084
748197
5692230
4921738
675872
7792472
3958261
8457327
5653560
135650
9358308
9725325
9757700
5829965
1583329
9013527
6520733
7301526
6244132
5446193
9092689
5022079
5069447
4237407
9718509
9339037
1043149
4747788
8127358
5990381
8734165
6139014
6553776
5904399
1783382
6648404
9233534
7253330
7005494
7054782
855781
5591712
7677583
9714985
1985600
5400620
7889967
8631944
5834378
7287499
4023718
9332315
9556148
314959
2060716
740245
8796294
5882861
6803619
8910462
1357808
6316832
9065275
4988812
4279424
5555962
8149086
505552
8313708
3216866
4042728
4954902
2720357
5209400
872508
6658886
5297260
2640668
8724864
6185285
6317576
6900109
9035479
4282639
8726250
1081192
6577708
2998088
2856967
5529052
2796097
4794085
9159233
3373568
3200307
5207455
9096395
7727262
5943653
3154242
5236553
229180
9993381
5653477
169478
991423
2388506
7383652
7415769
9202918
691966
3063848
5590162
323911
7116283
3878925
2128163
5483640
6502382
4639379
2233334
3378538
9778575
5406423
8705863
1818888
1436695
3124258
9084733
2038165
6868275
7280551
249642
1833136
7953169
9728233
1813121
466103
6398004
4801825
853866
3127075
3015203
4864883
5929598
1863965
1952467
5151538
681537
674206
5612052
6238107
7535141
3816226
5178101
7367064
9906371
4881665
45208
4092593
9269619
959010
6147036
7729150
6992613
3428588
4256922
3971035
6366788
8696769
9349676
9930280
1835070
1860669
8734291
1550645
7217719
8862693
6059029
5020497
4686544
8997414
8727616
6351927
4098641
3273080
2781490
2067790
698856
9700595
1837417
7410575
3238500
8427142
5090706
2469595
5906357
4419758
5267780
7841909
26208
551091
6908852
6661473
7531949
7714430
5855786
8503888
2816570
2712920
9175593
3481916
7380010
3573219
7562631
8069295
4745105
8842129
9142406
1089336
7443813
3729001
405300
1639153
113639
5044990
6956070
7225580
7503634
4300755
3111629
5265299
9974544
6682989
5249881
2412508
4814193
6263524
5312467
6608769
1446986
9272442
3837837
1627297
4330723
9087345
2497563
1215279
1735441
871416
9157639
2063383
8943430
7808717
4868769
136602
2573279
5164296
6216393
4398231
2193951
1341873
9259384
761345
661839
2191136
9695702
4216085
2023844
3687042
7204924
249206
7017644
2003511
8899581
2599223
1461158
3837149
9442924
9588991
951462
3173673
5713064
9396767
373201
8717780
2447755
3372379
5573108
2083698
8036843
107298
80697
2270986
4103087
2547195
5083170
6085939
5845670
6507889
2087911
6469087
3908824
6451791
5215221
3096547
2751576
1239357
3261024
6366594
8691551
794611
1352498
8540782
8228914
4988873
1832193
3059582
234533
3701037
9954293
8690270
4999434
6841744
8808275
1194658
639231
1130828
4139895
6515437
4107379
862426
2137823
9030840
8115177
7891244
5935768
5640290
9483004
6924253
6802432
5001914
9216071
6878392
9830705
892251
2587228
5182306
3862546
3383429
8905464
186178
2569925
7085298
2258766
430591
6184274
3402840
588566
8674458
4247983
5740332
113172
2453753
4778984
1785975
8507310
1859915
112016
1505338
9796365
7801905
9359040
6210930
8665901
3194906
423215
8102785
219278
5921474
8202088
3457634
9727401
7070223
4746638
7646324
7558808
1208241
7823986
5653259
26018
226484
6748565
3141682
921704
9893980
8545434
6408880
342871
4631528
9821377
5168184
6947807
3550846
876966
3543323
6991966
4571727
5872387
9103007
9461692
7005780
7483878
6756432
5324051
5591970
1503805
2543369
3820257
4832093
9669445
3050255
7936723
9452532
3942675
6233342
9936378
5238452
2093711
4666087
3734203
9998392
667534
3911967
884427
5055564
2354
5668346
4702053
8352127
8816704
4753849
8688708
1587579
4263334
6956165
9948089
2203841
2925744
1950222
3478070
2520819
3040721
353285
3293308
9734655
149690
4597196
8557729
5811299
5361149
8304623
8060740
7928789
7714058
6645251
6215196
503554
6996167
3703218
3088461
4436903
8877812
1658983
1774297
1237896
2933407
8802914
5641955
9533719
3601606
2644212
1007833
5350134
1364793
7653818
7013190
6653890
1864345
3413761
7825984
7827267
7685251
9140906
8075228
8004329
7963697
7762089
7464948
5859399
1725632
283314
8331629
5805038
9388890
3485897
36456
1616351
5237960
7771674
9102436
2710396
8921234
2521047
2225272
4472314
8768509
9258024
1299726
8506781
6138520
2055522
3318154
1312874
1243726
3267033
5795150
6260129
1662227
3477341
1323168
3042877
6645944
532797
2242400
8269589
9598726
4352878
3118205
6682318
6687039
8678808
4773852
7575019
1466928
2570453
1047044
346169
4047763
3177255
1023419
4077483
7439138
7164706
4644848
3635418
9148829
3526985
3879708
7965431
9969854
8266446
3940766
7524343
5800774
69855
8176478
3134825
6126361
3300646
7585545
6787065
8437846
3394183
5990723
486522
6655890
8343189
4194752
6318050
9780182
4433166
746696
1232915
9093547
447923
9841885
2244542
8553846
8177014
1487894
9748711
9113666
1460180
879203
6479529
1272328
7206214
6720501
2576209
9720499
8971335
385090
909490
5577188
3979534
490069
6404864
1529493
5585885
193827
4578155
3391132
100142
6882634
541477
1177787
623778
1234383
356724
2794727
8987242
1299885
7586545
1231537
6620381
932769
9524155
3986406
6294310
8293827
2285221
5192785
9737565
2381547
3479615
3193517
9038628
4709402
5080687
6481415
9571410
8241
3347428
6811728
9719317
4443948
3447398
647351
1308972
3962336
4206973
7179197
8066734
2865758
560019
6372074
4660393
6400096
6925358
1707608
7854155
8356422
6662715
9842796
2953334
214866
1704992
7391570
987191
7342743
4408055
6256510
817365
9469692
7109353
5999387
337503
611265
1907902
7611534
6052425
909743
46278
2502196
5232135
6024400
1211510
3268644
8976764
2333838
4291673
6876583
8056475
6368969
4306318
7108188
9406823
6106789
8763271
2651040
3830141
2536138
4715307
5157100
5562059
3516027
5670767
504543
4926594
9648896
2063891
59344
6532694
5947066
4947457
1165124
1167058
2492608
4657065
1521991
9762289
7904553
2679734
6937332
8512288
9493201
6642609
5844623
7505216
5083584
8480778
4677277
676731
7299358
1988922
8475155
8110359
2849644
9128996
6699513
7825018
4781090
14206
4743908
7327900
2073479
2428991
4929084
4272857
2015659
2793505
9938588
8985705
9929906
9933523
2872409
8916244
7868764
7650987
783766
3358690
9322628
1982910
3684205
1245319
8915834
5489190
7727506
2665826
9629978
4366983
6665100
6614475
4346378
1879326
116967
2656131
1983971
1412614
7771919
1101889
3604891
4682514
6699176
4157988
2271705
3091718
5273019
1766787
8635813
9438131
9193566
7327263
9467151
6571385
5270464
7702219
7775358
5246162
3766371
8466999
5654208
6601294
4915848
9692168
2191703
434882
4005087
5213575
9653296
6027998
8786194
709432
2500262
5394264
8922471
9998807
5293330
8958575
8030595
8675968
1154192
2365762
6680875
4578226
1903884
7131624
6261940
8368772
1011241
8208565
9211477
5197748
3983249
783286
5486978
3878687
1856233
13042
903633
7749331
2231743
2265425
9594490
7852820
9541987
3572489
1562619
9910217
4807024
3606776
5613742
3474164
2903141
8970408
1681868
6486110
8188869
2075749
5664946
9734013
9992002
4259540
6385225
9765444
3320608
3071679
5993709
4480097
1480535
3712896
9936241
5717915
4215620
3665199
4271746
6799973
4350967
3037834
6558457
2252430
6401933
2220864
9505081
5965206
1452866
8613600
8287326
4375256
6489289
2833291
9582981
4556403
25104
6311828
6196903
6826547
2823841
5256810
2157293
6570220
2242206
6989505
6436669
5644813
1040811
3063857
4869348
8072823
7067760
8153245
782805
3135680
4740263
2433164
1599219
5730360
1665001
7237472
9103691
3944895
6245919
5943029
7156998
4009401
3839509
5658587
6608463
9302546
6718851
9600428
5907245
2358156
4090804
4067851
378331
9773128
1149423
3125840
3432636
8115372
5777082
6591424
2824528
8390282
7660707
2958125
4259266
2826842
8430656
3391809
5787700
1581940
9951566
6817000
6288273
2175239
4891865
5170879
8807560
1622280
2094951
6258501
3168321
3168435
7855793
6749273
787736
538701
2026539
5601383
4563980
7384969
8209933
556646
783940
9963935
261892
9472619
8830164
7997473
1545881
2876794
3231097
4226660
5420351
4120556
9927409
1338312
6392484
4365288
4819541
219692
4421646
1753642
6200227
8798101
1946879
4047196
4656926
9692679
6029852
4447400
1232807
3517872
1455334
722106
6388007
2461629
3602185
8903115
6874627
572517
4163006
2739942
6732615
3063917
9938769
4063608
2209153
7807714
7813136
484643
6444280
8666896
1656078
2808851
8683171
5180455
1191553
1102132
1560614
1305280
8850124
7231752
2932951
2257864
1553208
154564
4077012
4520086
4368720
6626349
2452877
2992645
7642370
1410347
1021215
9887038
6743220
5402206
2469881
4602286
5828152
4513416
7437264
4635383
1377260
9130010
1151870
6758446
3166042
8649375
8797537
4846984
2422955
796807
9527512
8819044
1322450
1959508
5862820
1905727
3858019
6024361
4868965
1841590
3153513
6942177
6937834
461049
8316889
1836524
8565977
337862
6869383
1217141
8335784
7076897
9706782
2962463
4663895
5425065
2086826
6899740
8210812
4806410
8171898
9418830
1903232
2139419
9670683
2635500
7605938
291750
2399418
5169180
9028713
3596626
1959210
3052695
5912023
6998988
2159703
616830
2242921
1549566
6376432
8954546
3153312
3087925
5608234
4589861
5632262
6001835
5842709
365406
5659838
7702854
374431
7058596
635163
4654889
1193528
1582473
7894100
4506211
1795048
4187853
4020211
3710624
8015004
3063078
1807826
6323785
1634809
6892499
3924599
6647966
4483016
7574391
1907159
7634022
196051
7243244
6852225
9264369
5168632
4708837
7852052
7568820
8288305
8796697
2006303
120449
7312845
5316204
3724472
684077
600882
423181
7823069
6832391
417501
2876049
9709313
2345653
3100075
6294961
4903364
2932369
4156587
1096304
747882
7934916
1100452
1928428
4281995
3049943
2009231
3381607
6269729
5596309
9171079
7314421
1669341
4045104
4757688
8154161
7114302
2995469
6156958
1849401
5374338
330172
616003
2078260
1998178
492578
4844896
3977456
5655840
2254121
4294272
8909512
4830855
3172640
5295951
7660150
7015091
1747735
8771533
1928908
3633700
6349626
1423435
8827002
2721032
9686707
6222517
2588834
7316940
2292936
8200063
7843580
4465694
7492527
3722747
2856779
3603825
3725136
2407159
2963857
7098372
5939859
1574657
9613047
7811170
6769760
248707
7827132
8951666
7158522
7417989
7410116
4824950
4493253
7739315
846086
781230
6538250
7174489
4635550
3018982
6006070
877263
3726152
8349332
9028475
3580113
7686430
6758936
2949834
3043618
7346341
8930166
7655396
9122281
5103962
8924576
5251057
1499480
5551423
4141789
6399096
538314
6866067
3301868
1759316
8718715
8216798
6927972
4151779
7487859
2464814
1565707
1295805
369958
6173922
4250841
7707716
6511007
3676930
5660850
7736443
8507995
9102120
3522911
5646959
71688
7210959
81303
4425386
6896833
5463878
4101541
4065262
7885072
9765581
4774558
3419509
7869412
5599927
2441642
4922987
8105381
6751533
3302002
4176170
216000
5805326
3787785
7146653
6825559
9646240
7020275
6507692
6104510
1231038
1300237
9471681
9000593
6501931
5491309
9529254
1004101
6946845
1491786
7544535
6265494
8217622
6101609
3919870
928054
5765897
7771850
5597796
4271962
1776612
326996
7029368
4036555
4204470
3232018
3949109
899115
8961195
7591329
5690002
6307030
6198736
734928
2523523
7970411
8641577
3318622
802280
5378360
2369139
3555444
8721252
5780696
5472592
2949174
6042249
9436710
3478498
4500401
1331526
5312558
1035315
862689
7624721
445445
2318305
4796612
2542218
8006393
8466464
1009500
2219440
1115709
9987695
4050148
9704005
1295402
2490363
5723881
8837074
1911102
8556762
3658925
8382585
5488085
6085464
7277077
4119223
6364068
7462483
582702
8653312
6340887
7157769
1284205
8176715
7766369
2599100
764862
7509179
1537615
7378972
9438063
9452841
4282438
5280491
3102751
4301549
4697882
8733624
1262322
844793
8041158
6176541
2585044
2029347
3269172
2833531
3211455
2071972
7652147
6703406
3409957
8868871
5483434
9793523
9017072
8980757
9197397
8513015
1556612
3976845
1060911
30205
7730227
2409155
86434
6926322
8679884
2355392
4897784
9913775
3946183
8382361
3351029
4077936
2154010
61528
6639708
9687876
2778112
2298048
2178654
3523569
3669558
8939325
1155866
5033043
5645740
8498699
9345879
4406830
6614385
4571285
4156079
5366513
1761809
1510895
6098005
743063
3038992
4813618
5487707
9167315
7152384
4592359
5578721
9995124
9407677
8391443
5210890
5832516
4198359
2102563
608892
2571350
110881
6997915
9080171
2009948
5037880
6219765
8592941
9951501
7213620
9619212
8683155
3458301
5030149
3802073
7834547
6122401
3280952
7204780
9470007
3465607
9294074
2036870
6814661
9408703
6448349
572856
837329
8224900
457125
7664540
3156243
6218284
7885701
5486889
2286595
727133
3818857
7179931
967108
8577683
307411
6721614
7954187
2643005
5443601
8069496
2247639
9536059
7536962
8852239
8988318
4657888
8042249
9737428
1547431
5135405
4425549
8593508
3794897
6466647
9906248
7548354
2935048
6776214
6087715
4063071
2927674
3312126
438612
9771369
1476828
3719834
1624247
3167801
1370157
6076120
7435536
4994000
8497104
7341448
7416717
473430
486790
9694449
5498098
9445544
3602578
1531177
7439704
143929
1370744
19372
3207107
1574258
6497025
848611
18220
8124496
643627
1044524
2934218
4490108
2283789
2581851
1261782
4238486
1061361
6652813
6145534
9743699
9009548
7789682
7593181
2555848
7497768
8669955
899388
9371043
7698880
359121
3310533
6805711
5881690
7599062
754750
7869096
295485
3129612
3947279
916913
3419315
8719991
5407974
3159729
633226
2645629
2938133
9803662
8587701
3901336
8078215
5969298
243398
187911
1389162
9575736
6417524
4964316
9711206
8520075
1376214
6549973
7957133
131624
9262653
7492081
4899764
2697688
9608295
8477706
692264
3982039
5679574
9154739
831669
1094616
5771866
5670880
4561512
3705571
4838530
832542
327607
7300291
4400355
5617395
1973006
3678869
9560788
7822743
7461404
6065927
7990754
8904996
9117650
8794577
8258859
4296046
668891
34256
8773848
5703344
7229844
6851373
5750123
9461452
1661702
8902585
1461532
1595783
9841378
8266335
6671346
1166286
5712433
8442607
3022680
7113518
1453977
3546593
733937
456977
5850019
1934841
6592527
5467539
6362856
9517481
2899716
1651799
7060713
7456443
8518056
1722230
3817423
2938024
3324948
6233026
6018126
2168108
5990781
778154
1475802
553124
7439706
5240456
4681206
53979
6973038
6116768
5597318
8956753
4012179
9010359
105728
6777699
5628503
986595
879073
888989
5886159
6061546
3273145
6689244
7416464
810986
6264219
2502622
8555387
2075332
463775
9195139
5170847
7763339
2709679
2181325
9150360
3165233
9210555
1184188
9420625
1930558
6624901
6763978
1237517
9905557
279271
4626707
156960
6993647
7068824
7637766
2744337
2916738
8050937
4252375
7575384
7961826
9364430
3911933
6216401
8641768
4738383
6337766
3236979
8514694
2787906
2879683
7053864
2964999
3140057
4128210
2265916
275791
8896436
9132818
3847503
4666467
2267171
2340299
3748777
2090586
7239245
3335050
1065058
5661779
3118507
4710964
5922130
2461729
8466765
2234911
1937026
162617
5162004
7906433
8694669
3766071
1859660
3085720
5587491
8759236
8088448
6374532
1040158
6456307
5419653
5626538
8783527
8442821
2853778
6641529
2433942
4313671
896565
7474960
2842315
9716439
1559699
9391214
3233191
8367717
4194805
9160976
5441044
6434587
3516922
180413
3684995
3964974
3178188
5933608
9452845
7779442
5624863
6528713
6755567
7310987
4260552
2176735
5700266
4098854
9840592
7963199
7695242
2849206
1484119
4428552
3416655
8479145
1690848
7929363
2339392
5629522
648274
6465033
8498962
9143431
3197571
9826422
1671993
5233921
5340484
3335875
921555
6076954
4195602
6496459
4643583
9872864
1198673
6442613
973326
9139278
9195473
5941809
3483177
5917418
8677732
4219070
2915819
9043586
5439727
5509060
5915292
8322310
9639402
7576512
2561084
517280
2056971
8298910
2568968
3475060
2878421
9794069
1508459
872701
6815500
1947619
4348192
3728097
9436481
489450
8242311
3871158
6224011
6960229
4148787
2220275
2726543
2007883
1225466
6702230
7214668
3320477
4574756
4962222
3593628
2908643
451619
6112437
3145883
373355
6654524
8851713
2056231
3917000
3259891
1190018
4434529
3023122
2397304
3374665
8729493
265867
587521
5979784
2393392
4141594
6130756
651091
1320171
2159511
400130
7991475
8821307
1185887
844795
7688969
8489047
7971713
3839557
4751732
1282365
970521
768687
8660331
1671020
7913583
8570389
2240243
9441535
4684688
8326817
6675731
9352944
2726126
4405630
9180918
6580452
9432553
2136655
1660674
8015539
1847198
4236808
1996002
1158056
1596213
8896264
5872642
2837180
5439852
3615328
4199706
9993584
4307142
3577432
5907330
1529738
5451488
6900166
7378653
1397931
6811891
9283840
7694736
7882314
9361332
8196974
1795642
1274797
3283267
4746225
2227316
3499907
8032759
7288669
3772225
9241381
2952988
6438582
1084797
8619878
7133395
8555985
5548985
8265404
5616021
7291191
4549711
2143407
3768904
5176083
6723787
5510203
6542070
6230951
8479595
4897174
9239172
3266637
9211913
2998880
6938159
6731305
3969773
3449378
2469811
4219922
1913801
7447974
3615981
4021621
2137516
440533
6234501
8347758
2456264
2053057
8179493
2232390
3409864
3049353
450315
8814467
544309
6197974
1825545
9606554
6792332
7220374
871239
153939
354814
1434495
8269676
3765348
8819507
8923055
6544047
8334813
7481264
7929736
5996901
9980142
3171052
2799075
890390
4277215
6877047
5163927
3269229
9372180
6420807
8612563
4065550
9481750
5243728
7883968
6494640
710559
8945341
7754762
582494
2002004
6724696
8540126
8206415
6696449
6402072
6188673
995844
7464014
3095222
6369821
7373875
6581402
5160863
8332957
3449267
1511424
1522023
9154652
4342827
7112808
4026044
5460185
4552145
8012479
6166409
1679930
1969339
2249021
8696795
423590
7786189
6788081
1163945
9781853
959434
6084685
1168253
1400999
4491710
8983617
6270796
1604985
7003512
7294091
2325837
2986947
3682063
3784070
3926594
8410255
5073628
6726352
8881494
9987144
5218860
5684874
2959569
8276598
3826568
3469691
8114577
9021863
7635177
4127933
9183304
7049689
5072078
2184491
1949233
2566356
9024167
1386696
7903547
7418966
3903117
4977181
6679976
3959402
4510993
1706156
7871804
5521125
4253586
6866455
972931
8797362
8121375
5071108
7373202
5173224
4039356
5094711
3500228
3948794
4920723
9023761
4336069
3148169
8324942
852632
1359186
2736662
5653334
5189682
7991950
2694806
9797345
2174348
4631870
6995516
5665739
4810419
306984
9643980
9229932
1794933
4655672
3554498
1663802
3728625
261634
5415043
4647853
6142239
6105558
8092422
4620966
9660393
6553817
2966869
9830601
90587
1912792
7332303
7302506
8607396
7296328
7267412
85793
8355137
9925553
155183
8993986
7992814
9875493
5282596
289333
7612970
9769057
4186264
7527592
1544004
2491939
518678
9401824
9039477
5217669
4401638
2878982
8898713
6719447
264703
7223625
7004669
5956343
6303613
3404760
8297989
6584309
9485836
4707197
6061893
2256579
6904142
9577616
9873892
982731
4173994
8430094
8655827
8691368
9374705
811233
7514096
484747
8929432
9409750
2443099
4416062
9814363
2214181
4091023
6313468
1882046
1880289
2543431
741249
1050691
4713240
1664617
9273741
2244462
3258537
7462533
2443802
5652969
7919707
8127332
2967770
4187479
9915279
1246604
3070055
6147116
3289490
88762
9482168
811803
7024623
3086462
6395741
8304027
2661
612150
462428
7039019
5582585
8791103
7391975
8748528
1720923
7538516
3569291
2570191
4351450
7798501
1240914
4121374
6413767
1825450
3386987
8336077
7010468
918451
3697427
7210451
1973936
7759276
5892580
8457801
2731476
4224684
5172292
9160057
4550302
169612
9274047
1699686
9438910
5193053
9240774
8857647
4853774
3796867
7029180
8820184
726908
2147198
2788198
4895787
6867440
8943247
6858633
692444
3220981
5805692
9038069
2085673
8594751
9113228
1270125
8839434
9582697
4969976
6447072
6136071
9075260
9924043
8680561
2908555
6016876
6377309
8709413
3445518
3654188
2883150
5832988
6816783
4115939
6898844
4063910
2377216
6430421
9185969
9755540
3812949
7315793
8238826
1285437
8367302
4014590
1151467
9534937
8238101
3557880
5966968
5358969
4812814
8796856
1895642
5590090
4047345
13174
8147436
9504685
1340288
3395726
2835764
4567413
8828969
7136323
3968804
444418
908969
3029391
1860897
2661043
4135081
7643899
1103761
2282281
3028974
6314976
5896744
9073606
7973739
2425629
8346128
9711259
1168339
1344932
7284999
6793042
8931063
5775732
8474617
2707423
8357698
9603660
772613
4037141
7493006
9047133
7009005
2156685
6694170
768851
2704252
8119474
3978231
5440732
3418157
2972383
265042
5984279
1354660
682805
9401640
2110939
7600122
3264609
439811
3406871
4447520
4653782
1043575
2477443
9833065
9233816
4715895
333906
6859591
3409714
9931757
4109869
4622201
2259805
8659068
1660571
5206444
328110
7778129
9766136
6432471
8505439
4920835
8719597
233442
2512409
3959825
2144662
5089700
6253354
6710551
1729387
7710694
4537255
4148752
4631849
7953431
2923269
3147318
4233946
723712
7489251
2948599
3480038
7644595
3045364
1393392
6979171
3161837
640178
6439034
5976033
7537573
530485
5144490
957558
7396141
5336370
9724530
2796245
9889164
1153937
5568746
616209
3895389
162087
5673725
3230491
5361871
5848954
3306186
7008100
28446
541092
647835
6350326
4482181
2282660
4284562
3637499
9696718
2437125
8634319
145852
3763122
9922398
7772338
6711622
6786158
482393
7846762
6899948
9901209
7720717
4870428
4150307
1580234
8833635
972699
912611
587442
6548897
6929511
5107017
7764834
8349124
6258989
2784236
2583251
2450892
4359869
7752422
2322152
5604532
5133289
9564708
2586007
3918337
1586408
4541670
7114936
3976319
3311872
1772515
8713093
7740938
737559
254986
6463480
9197574
7587742
6665524
7066414
513054
510870
6791045
6867384
5683770
3662290
3474646
8248444
9469023
1001485
1031672
2692823
2794404
3998193
3898238
2895648
1515608
2823342
8705559
4232067
1392400
5957115
9109154
4924488
9041886
3196667
6456817
7425097
2976976
3666026
6787266
3062950
848256
7589610
8534312
5749848
4921268
1148547
1386764
1085976
4062801
2456680
245410
1347251
8065752
8317258
1274573
8687889
483364
3332445
4042349
1458351
999751
5395501
6780476
5807925
3846871
9705539
291623
3276742
7687234
82783
6430152
4583583
5913625
511197
1043488
5250970
1989353
226974
5356026
3137875
9789028
7258025
2683347
4183064
1688131
1710522
7683066
9578486
8581708
6793906
8059132
5016222
3021881
1179885
9078589
3829930
234302
7739739
862063
6072747
5730089
5444855
8302429
6912935
1858424
1213629
2284810
2574442
9869068
2294365
2891213
7790663
5303751
4137655
159363
8576269
2641956
7148112
3585630
63882
8550770
6676031
5642945
8647107
149029
3880073
8709282
1335165
7980520
9458859
7909932
579608
8943399
7977894
5492825
1253582
5042829
2079715
1724958
2260821
6214528
3093038
6254354
3513245
3301026
4558744
9482838
7278209
1840144
7072951
5591793
4458186
3023356
3448731
3340417
8140998
5904150
8153782
8839239
4185267
7465824
3148591
805850
5877530
1681047
4058402
1483445
203007
8013509
7777586
6325214
9750976
8094175
7255309
7922972
3557040
8600292
6141273
2844772
9485077
1098443
5394949
9110161
5420814
2863757
4030238
2621634
5050503
7297967
1177029
6819135
5267161
8875634
8723175
7220852
7695508
3915327
4665618
6173896
4899593
8568257
5230109
4627559
7190260
6242555
5321972
9649333
7832081
2690854
7604246
1708375
7994475
8211252
6506603
1132455
3377934
2226951
1950680
9072688
3864953
5070404
6873566
522707
9476225
3255484
1223643
7776227
3467026
4037757
1371866
6275575
1354508
2718451
6412830
6629720
3504342
6977462
2390643
7105018
3598134
3980889
2675884
7679144
4491227
9285742
8373166
4802674
309241
8208708
7926758
7889860
4588524
3441739
4854639
8817498
6802830
5747821
9976798
8916588
8441324
5693690
6235510
8728189
2706244
8670180
2423321
6942524
5734719
1442501
7312327
5399338
6968677
2781744
568873
9510640
731467
9076193
6446223
4878850
6573199
1221138
4842503
777421
1226027
3182296
8157022
9543261
2089967
1516230
7777731
4356620
8140512
2490935
3779387
7833899
5733311
7305520
3839880
2867324
373352
257446
830547
4865483
4550533
8113564
800800
9443675
6547561
967422
2584458
6839380
1625170
840982
9183251
9455483
3914643
4393690
7199407
3193368
2921884
128401
9245125
3083272
2569155
7275817
8973284
4630133
2879363
5182083
5999360
2237750
3098947
3733882
4572270
882458
3923200
7157667
8150786
5202813
7534967
7489935
8757865
8715312
1164591
2309735
2328627
8325724
9032148
1838974
4818514
9338563
5612246
8122505
9331214
6220483
4498422
2609939
5754663
7127704
2718579
3120919
3631943
2019160
6106841
277521
8072709
3275594
9796658
4202628
6426062
9115679
9101431
1303425
37690
3348103
961442
7874427
2508254
6116776
266839
1212080
9798518
4544158
5829299
4095665
7446253
4908538
6325860
3709245
2740845
6512235
4841138
5292621
8791167
2596644
5228152
4923448
4824767
7042687
997488
3262271
2761563
9465858
3048448
8168640
6046025
9504997
8864884
1737074
8193674
2679836
4994398
4358360
2025872
3156206
1324051
6092152
6106164
5951193
2668155
7611941
5454627
3098286
3560453
7403843
7977669
8403017
6232708
7115594
2557357
5663782
5426466
8307472
6130032
2057588
7308749
6774319
4461991
3389486
3316735
6342121
7197677
6060895
6371291
165393
7275430
57512
928916
115677
136798
1990846
6885315
2175613
4243795
7134413
6178927
4507156
6095506
4085
3162834
365990
8994961
2461192
5539977
2754894
6419537
9358232
8381799
6622017
7570642
3000287
8211476
3337088
5447252
1788887
299854
242800
6287599
9292784
2271263
2729758
2265348
2411137
5511123
2965339
3176695
7084782
3086437
4655570
2347408
9863130
5814973
6039221
6909385
294164
6952406
1915708
778974
467654
9858576
4947669
5349146
2116399
3323932
5875565
3440099
5283211
2810142
1813295
9756629
3258669
7967862
1614526
7205783
6681304
8961305
3900493
6844833
5280115
3746910
6811042
2970585
2894112
6620522
7292894
293008
3948558
3322041
1090234
6319182
606691
9916745
4027256
7036722
8925702
8898057
2904850
1298123
8986775
9927634
2062074
8638499
1722589
8435379
3886056
6821112
8406041
2950918
8389495
8779957
9539282
7480702
5009585
3100416
4305162
1278646
3045836
8703815
2782616
9710550
1109788
6667940
3786833
5835885
3565023
400444
9467015
2519805
1354857
9205048
6580738
751942
117079
5441888
801586
2022777
8224671
6926986
5982583
9490019
7228857
7739186
6365952
6043316
7909532
4348326
8271757
5869941
5854946
5034481
2222795
2353809
5909009
2332576
8936902
5087109
9659992
8870821
2019257
1599418
973888
2509362
3616002
4096026
3015221
5021941
8788442
7928205
5782337
6640815
5791112
9884032
5846739
6252992
1950682
3835237
9640223
6578225
7829440
6109923
8281036
707025
7555309
6156237
2845803
7977254
1165489
417938
6603036
8165338
4561778
7035066
4493715
8725879
7832193
2019993
4580094
6822620
6145796
1737488
8028306
3036144
3501120
2145557
3807620
3477548
8586763
2574964
5200032
4622756
7640208
3615826
8535139
4217991
3027320
4847577
867056
5266462
1225620
9478408
7168820
6886468
2416351
6080687
421842
3145883
4000224
7215074
6114801
7426679
7982957
2663767
5872063
632698
7525553
137873
4408386
6332493
3339571
7099935
1172270
7028811
2383235
6356636
3181171
206343
5129809
8844665
6926803
5799409
6988267
4253565
687499
3979930
9185779
6227417
9804303
9187539
5962216
70984
1364224
5634949
6259984
4363918
2170875
5581701
4837432
4266567
9030324
466206
7606919
8311934
1705124
8699060
9437206
8641986
6356887
7077865
9953572
8246165
1774544
3921481
3393376
2193884
6716461
2202274
192617
5162718
1654631
6503389
2464524
2408343
7896104
1026796
5738223
6379060
1239467
6937885
3134372
4164863
235633
9857967
2658077
6840726
7835976
4205234
1724100
5164717
9815510
5815208
1913320
5545188
1102366
488877
4278004
1539348
5515835
2242219
9312765
8600972
8479471
5946457
3807243
7654672
1986963
261571
6864929
5637833
2135262
1710828
8372243
5432404
7699233
6686740
1482508
2070680
1212986
4822982
7245439
6657696
2253393
4508694
8312627
9482907
409271
3180237
2717358
7563615
2979344
3285055
8679061
5150871
9379281
5456974
4132762
3532202
448819
9243344
1716101
6804733
1050540
3196359
2276521
8250303
3642249
9150021
2286598
571586
8478108
9005554
2944734
8776524
1973481
8551500
3263661
9796570
214264
9962865
9588129
9912279
5298919
4035442
6093742
1334931
6977322
1806448
5396968
9060063
2852078
1198351
9942579
4522297
7891099
9501365
9978201
6878328
3736116
7235254
9508303
2124002
7921202
4938366
9190101
2584853
7502963
1308660
6654570
5774540
9492585
1739834
8267117
2578676
1281099
7714619
349823
794075
9370380
9991237
702263
2510166
8670361
878746
9537165
6674958
7147398
3886623
9853089
4273799
7259355
1315547
6991571
8089543
7026706
9130792
5031693
4415049
7532747
2564914
7005454
2973100
7587410
177056
4356192
513664
5816354
4465025
476195
3632076
5472227
1542610
376919
9849004
5648184
6937130
4746486
5991655
3684329
2219226
7658088
1651493
7126571
7560030
6801683
4999757
9714888
2275162
2312044
4518224
4377171
8340293
8528735
3899730
7170263
1506607
4619435
4211203
2119713
825294
5267615
3609076
7888922
1920877
6975681
6236868
4392260
9658902
356595
6729341
2531476
9109448
187472
9022614
6317068
2716830
4767413
5873386
2313842
8606826
4979716
5687394
1982701
3894298
1293892
7468471
7935272
4895274
3432274
1436284
1626224
8499262
5249334
6985787
5347452
5589063
4736142
4745673
1694243
9466942
8319864
787291
8372170
2723901
6373896
6809418
7474433
6714547
6550588
6166983
3150675
2332961
8918077
751590
1455675
9164419
1138539
4290320
9231217
8311632
5037066
2897454
4719876
9087438
3099345
3812548
3530976
1038938
4989751
5452592
7025885
2535766
9594910
968546
5258396
1582213
3178844
609001
6154366
1822869
6210778
8684748
6907741
8311230
8507122
3133533
8610716
9130971
9870303
8514845
7325476
1576151
7765229
4818628
5283286
2266429
3618461
8138268
3552614
7337148
4149657
2064620
6336171
2367498
2560045
7758929
506946
8576073
1709313
3417854
9460687
4253320
3437357
6990024
9242224
2155671
935941
6121394
2432025
9404160
7333043
3914725
2942358
889890
558267
6029144
6908534
1379912
2169421
5141446
7941520
9320204
5444442
6401940
2224170
1716676
2317073
7387175
1498381
8475615
1772264
3288577
3350446
5916754
4426086
4186587
2671686
1376217
1245913
6655801
6301255
3800584
8377302
1851985
7438112
8115146
9334418
3023099
5622499
6730063
1893538
8426473
812347
4263705
6468755
5029185
562684
3331021
7047658
6409609
8299211
7393466
8575228
5427935
812348
5085459
4192947
6245678
6075706
6009601
3692308
3217256
6046157
7471239
3151350
9086834
2090937
9528040
6950107
9031345
5794413
8863065
1530636
6885067
9019844
4843148
4110006
9917731
108716
516660
6948709
6644026
6946362
6274875
9376277
8060634
5446114
7839106
4973711
9651733
4416441
1634012
6466985
6896713
1220113
1788272
9612398
2091803
9159893
1986069
466605
8792412
1427333
8816893
1187324
280212
7029041
2976194
2958400
1609770
9694766
2752009
1940707
4583274
3776718
1474808
7212305
4170640
3176906
7986943
1750239
3508679
7450576
1675615
3948274
3461190
5702565
8756650
849810
1342997
5331631
339683
6900256
749040
7921545
5989078
5217565
8742105
9650823
3426057
9393518
6356444
374059
2410459
174945
6367956
4720318
1058458
9142607
1843632
6899592
8720719
764626
7951787
6759055
3567221
6831089
708936
6544810
8618360
9690204
9399772
8941913
6407335
4455947
8848924
415903
8311359
4164711
1515031
2672075
6115001
5734015
7625738
6123897
2176964
3081568
5151908
9138282
9750491
5032226
1197623
9570217
3317477
742579
7198774
9825005
5088058
465150
1288929
5360137
9352356
8951714
4084717
8842428
7148464
8288057
704306
4399573
4593712
7243023
9223994
2835325
3650277
7574628
3705371
4324176
326538
8171286
9107240
7808895
2432227
4057606
7321301
1668927
5847054
2040284
1644037
5820589
8390201
7591569
2245649
1093642
8816532
8173720
8153338
5406727
5864066
7482230
4145606
5311775
5743413
6748552
2793554
2865248
8451345
1109848
9923707
6517201
5604079
7491487
3098626
1188450
800204
7665316
2647762
215116
2653915
4052341
2081736
5516327
734817
6804697
963395
1681573
391315
6856199
7375687
9386271
926719
2389196
708697
3390392
6411263
7346693
3677638
8815011
544781
4666492
7692426
4628799
1366139
4607572
3510829
6615438
3792978
888347
3625981
5092100
3738717
2724655
3330767
8564687
5357014
4418091
8487543
3008893
5764112
5919122
916957
299625
6692653
9929563
6123026
9185186
5040740
1823376
2897853
3172171
2206800
9995179
2489426
9411857
1007100
7238575
3798738
7233097
1637862
9422755
330413
7230489
3966024
3073153
9236597
4648375
1950775
5545391
1026002
4425901
8096370
1130305
4872631
9204171
3593127
1985310
5907227
892651
4659665
5268115
2044498
8352772
918934
6535179
936689
1619930
9667708
9492377
6331589
187439
1835171
6086210
7514023
5493482
7298004
2930235
4914343
8492471
3905481
7523726
4055018
9214171
3179886
6277928
4826079
2215230
1513464
3119592
5717345
8442946
2491372
2210884
3823085
8035107
4574472
1899732
8583443
7206468
497542
2369162
2581674
5530158
5139489
6921355
4935321
6553965
321190
6433392
4289005
9780324
3538216
5957358
6825432
1768852
3852272
2528524
9902412
8994431
627235
8090863
5289993
956657
7179658
4674852
3772203
7363764
9586680
6655909
7846711
2083962
2465409
1878925
2284888
1996985
5150727
5292624
3503433
6613354
8278509
1304151
9269958
6899089
5967459
5814497
467845
5533166
2992263
5810031
4321890
1360032
3675602
9311573
7289456
3986487
5558962
590028
8232843
8575125
5034665
245811
6130943
3133936
2942149
6758331
8486334
7405381
6670034
7595001
3121816
2358378
5055122
8358195
8805271
2030597
6029796
9045701
2347547
326905
7127953
38369
1705310
6458779
2063719
9668703
6525845
1393746
3436501
7254871
7547931
1122936
2648711
6924694
5827320
3373978
7248083
1346181
2667292
5535891
2555599
3751021
2125041
1115711
3229321
5868987
4517383
6876799
8926510
9569517
5136241
4203300
9994727
8913703
7132844
5558402
8859895
6196190
8893305
2313782
8728382
5917710
783376
1901042
7372732
7614100
1064163
3551534
2147528
376225
5750861
2538664
4594745
1765514
4019640
140412
1775271
3255313
531772
696788
8345259
6323344
5551438
293385
1677518
4820106
3808264
804839
9658892
8915062
198290
8606148
1508118
4225750
2889555
9814439
4529120
725019
7344390
9895913
5748553
3684270
286267
1049907
6194694
8015974
4654594
2934503
8324886
5755825
4339248
6607947
4498507
6209809
9246979
9467407
7504557
6409958
8772495
163617
1532254
1862480
6839660
3996101
5155900
3309789
3812624
6743885
4796742
8859974
3966584
3152937
6543627
3979716
848154
7780186
4747224
2369819
6296598
6423433
1020299
5870684
679558
1080580
7820256
1070107
166910
30957
7102761
8380915
6018689
7181414
5678340
9762572
6068595
2373979
8896944
6243974
2141981
8320597
3645789
2741168
4522052
5850684
1932545
5048674
6861650
4841245
6976880
4996951
1117478
1678370
1493620
5473951
5954387
2212231
9431734
3866278
6276395
9979938
6376507
2275788
9055942
9015273
6977500
5100785
4474555
6960634
1001718
7771415
8910336
6638857
7849300
5419743
2935448
5307217
1879249
3220203
4116452
4836070
1858355
7883898
3411124
9108142
8995770
3789508
9041580
19821
3062334
2150817
1465539
7865843
9600030
59984
3885374
8729977
5367309
1919378
7354877
3375287
757378
7050906
6334540
3511163
1707227
2896143
7502544
8856017
398147
7750180
2217775
2103747
1729384
5154884
8303099
8915957
4309575
4876450
4410922
6803643
5643775
4439711
542391
9230363
4130339
4720131
6306073
9623782
5481672
7685726
6361937
6853653
3906836
7641360
7768361
3638376
2630972
7142713
8253099
2510525
1790241
3683751
1347733
4112048
6564565
8421529
9670350
1318561
957287
8014988
4166598
2263129
6261093
2914307
1496092
4854296
9968731
9589016
3227450
3188246
9226433
7298779
9654998
7718855
89254
6507857
1174653
2977861
7383027
3750717
7862930
6582758
4280821
9531059
4364870
5091511
1601763
2550686
8224474
3962321
83454
9201806
2141832
9454999
4665764
6778387
5128606
1946395
6017223
2042984
5182336
1997084
3065966
8301826
1145735
4668158
9340414
2556019
5437732
6936324
5475726
3539669
3568055
6196730
9692199
650807
2875974
4106785
3976757
9878602
9180374
5794232
105882
4596820
4030262
1142553
5997322
6263914
4123309
2840149
2617354
1919565
6184842
5984813
4847930
9841797
5917147
6353253
5335387
5465070
8761965
9764933
3262308
9905077
7732391
2849145
6134985
80731
4972658
3353838
9808243
5235846
4659596
9644765
8413987
5744482
3405125
530018
4914177
4402043
7135514
5315277
1801192
4939129
4788024
6814872
4693163
6488336
3668472
7911014
6485642
9725025
2872702
9339516
9806725
9276994
6712724
4785298
1811797
9226465
1867878
7861244
7321497
5519012
3526869
3819666
1799434
8300427
9171720
6627740
6325363
864521
3424643
9243140
1552311
1140468
2397621
7684731
1821401
535107
3564828
40408
825695
7963692
7949361
4681740
5314047
9685609
5912693
2259875
1821432
6624035
6760645
1181098
9339487
1032916
5008590
7235552
3635548
3236612
1517718
2754459
4245552
829273
6008551
2951850
5631490
8653581
7304457
7695617
2941735
9062313
7096411
6006062
3447483
886266
1245678
1318777
1679385
6137378
3230988
9650693
9548075
8937812
2670701
3233801
8647664
1421842
7846566
1888656
8179927
9366989
3658077
6713714
8098898
3579615
8794029
9075115
4660387
7586545
5349389
5209345
8480004
3121181
7767373
4992938
9133184
6652242
502476
9051493
3006774
9730601
7910379
9959470
9705729
8818530
6873476
7876641
1851067
2869335
2498069
3430192
6077379
7158577
5333748
363077
5993945
5309520
4255296
7124157
9775418
1661743
8006979
8619325
8423715
118171
568036
2774981
3001793
1637624
6198125
6771756
3554380
1807179
3725746
5368019
4180958
4456882
527238
5165612
3357222
2970032
6705583
8569339
3560202
8033743
722096
7858402
6802103
5454591
8216739
8977145
789541
6936873
4160965
7028280
5721969
1240870
8311996
1187575
3662332
7800529
8908634
9325413
2252843
1281791
6313822
1388306
2730940
1253677
7024479
3895464
7497320
658464
7610642
9306288
5023750
6690459
5698486
6574512
551538
3901856
5429309
5615458
2902442
978051
1925223
8227325
7819722
3998992
2861140
9751513
6568429
3303025
1280633
5802411
6351731
4143986
366377
8446478
2830306
7077470
5851340
106340
7410348
1177538
4320209
3047995
1767320
2491755
5426401
2280613
3097742
451411
3014741
1369058
7545072
9091833
7067585
4229807
9048647
5888684
9526930
9100983
4102027
6310184
7325253
1525339
1845560
5077252
2270324
3847196
9288421
1366994
7706216
7950648
6152871
6563857
6857695
6062771
2871425
9949821
6065317
5996244
5354606
9821753
420946
7026080
1858577
4192153
6188283
5924258
3840667
6940838
4688026
5733737
3480070
1373128
9184796
1074909
804369
939995
9825836
8232313
683953
3318513
3737018
1377576
3544747
2958445
569762
8559794
8247401
4486530
4757765
886166
1043589
3554369
1998624
4718284
2476215
1215035
4391428
1416305
9485292
842261
2471075
7432262
5895248
4349696
8163854
9332100
2695068
5907529
2276924
4808869
893504
834222
5970314
7129685
1294900
1173830
546695
9063796
1792487
5100327
6525344
1370747
6114662
3344611
3565596
5392517
4324826
3998476
501274
9626603
5628603
7500127
9689400
9139105
1553847
3757325
9435117
5010541
1474702
3763414
5127207
7959539
2733251
4530807
7240216
7017254
4527251
4503979
6687706
1973056
3356817
913694
1927441
9324555
2280398
1496220
1058820
6879521
1059962
2025171
3670783
4830220
4153202
5497944
1814015
3675866
6792851
8250109
7522026
8460827
9612781
1803194
4074531
5637393
7466009
6877468
8648672
4535506
5302682
5864494
816062
3544049
4284029
9392586
9168619
47943
9557965
1113429
4579868
2034097
9416332
4657981
9286544
1420944
5252126
4848370
7475950
1512935
4925891
1374327
2760375
1412583
1549709
7804085
8963481
9031438
6829845
7423584
117651
4556548
6530974
912738
8454587
5802679
726299
1165367
142429
5600417
4123051
7304430
2617796
7096748
9964118
8639473
4560102
6965084
7881200
8680211
1749354
3290173
4990275
1305800
8744014
5255365
9323336
1597874
8239341
4549815
7971358
7435487
5990314
4569731
7208935
6830054
1119467
4899611
8418388
607930
1460829
4030859
2780905
1462136
2916535
4938603
5661290
9294553
7195423
8316690
3351162
7216129
1130130
1434713
1954441
4210025
6678077
2806864
6453580
1243972
6575387
9096697
4314277
8453341
7614834
6986853
9792664
2284546
1361238
5204679
9051263
4169438
5016408
9334904
1085042
5103941
7630249
4416652
4032501
6700122
2327740
8467606
2591107
9888945
8070377
9031275
3448553
667039
6535681
4689302
258226
6580021
3979758
7417927
889930
8757613
8499088
1154211
1440784
5157458
6281857
7573842
5600085
507271
6167001
7880709
8377324
3821912
7199943
5245212
6611313
2237198
6387033
5728151
4308401
3991158
2752524
5388931
39723
4640135
2507642
6547733
3671279
9338866
6948922
8129820
3387407
1623133
5417299
5237238
3994942
8220244
7559354
2762495
6894320
9624116
4478531
9567238
4915047
3910000
8253013
5213381
6986252
8837362
3191040
5184334
49361
8494827
6773173
1981932
7386509
10635
6562492
6691262
9293693
9902183
9398222
7173442
5322113
1830354
8754642
9597542
3583483
7238390
8895542
3628269
4917633
1645185
9687725
1226629
602122
2039973
3494590
7792278
7430849
3232527
5299773
1208575
1983169
8932304
491512
5910441
9638178
9769986
9973362
3439442
1781249
5820960
2926671
4441935
9652087
8704778
4561731
2631583
1748545
5161822
7979678
8900866
3782673
214806
2425730
5134176
7166265
2071932
3006202
2565530
1430950
8916118
9504163
6189252
9538746
3223494
7466685
7892265
8722783
4561736
8972000
1938182
3256201
4504025
8197981
2416572
6247971
7445884
9023155
4980863
9027055
9419845
8382651
1926735
6303637
6715511
1963087
516389
5618447
9571294
2801982
2900155
5571092
4635552
5995003
9133734
7049482
927345
2016490
4962375
3615860
7436910
8419330
2741459
7846673
2553005
4880853
8925502
636258
2922286
9734045
552188
4522760
4701472
6185090
290235
7308222
1794654
2148540
1994578
2983616
2293060
6328392
9688984
3571811
7342857
3257545
4304432
9684077
9865542
9782517
2202013
8805742
5425461
5004811
2409629
8586332
814442
2541997
1026511
2690001
2693706
2198106
24060
1014240
7613719
565431
5870661
5100290
7604064
5781739
1996775
9219585
3085460
8953415
3187137
5851279
6843860
6431941
41948
1064272
1741708
213582
8525910
1165590
5037958
1763264
6010733
2780066
7657886
6390118
4980869
4462519
5011608
6092481
8199606
166542
5546653
9650594
1139490
7055546
1715844
8556050
7460635
3859659
1202562
3909995
5719338
9455347
3721425
4746775
7244526
9044787
5653284
3936941
3124589
7673555
9573631
9949511
7706533
5341817
2319470
4613666
717252
7290011
3996461
8335678
5737240
1052904
5756311
4510342
4990234
1261640
1326589
4771715
7213208
5857128
4546088
8156794
1525486
4090226
8393471
4713679
2930553
2860953
3576627
1951378
1044371
8081036
5662118
9707315
8073481
1269543
4934538
420815
5090498
3038639
8211995
6053816
7927426
8670525
7632530
8250888
8017138
4412527
8910695
7127939
7940183
7602793
7694412
8012247
1172674
6169606
3497850
1847109
9211837
2402845
1384335
8584409
2623683
4465996
2522129
4825665
2831785
1276940
8545847
272807
177887
603527
6929694
459727
637770
3229377
5765219
3572567
393403
5887813
4134817
1079932
5788999
3499479
357946
1670734
3879427
6419510
3442966
7986434
8035649
256337
1160674
5861982
9604925
8989385
8197727
7800035
5154483
3636350
8369994
9696865
4903340
4885461
8748689
5172008
4623725
6508814
998646
1177805
9543677
9918552
6289620
6125846
8418459
5555799
7445414
5288836
7701446
3625063
9617799
1800900
7666764
3065710
9770152
2155817
3959356
6120431
3939314
1064071
5505575
6865536
8424434
4440427
4087933
8033619
7823336
639590
3929227
6317278
2385152
262925
39400
4239207
8182329
6290813
9067924
1500664
244068
5850975
8335969
6553914
6198265
9916538
6536264
5397362
7999148
9844387
9923483
7497387
5401005
1913194
785297
7529550
2686451
6020911
7443564
1337687
9518846
8208296
781807
8010130
7795578
1316440
4137588
8115017
8398592
1864252
302242
3342435
5982837
4504553
6900526
9373527
9630718
228349
5152105
124657
5551085
7515354
767587
2464299
601763
6696164
3099791
8498717
9441328
4477653
4739190
1791003
5154992
2585471
8616
9625516
818468
5301544
4077976
5268260
6662329
6178079
6497590
1424898
1529537
6305547
9953534
6175940
1629990
6222816
8492777
7879518
2812373
9449092
3806865
667226
6512772
7344678
3757102
7345228
5865522
7989306
803280
4899269
227255
9155105
2745253
1539070
9151233
9053831
1818278
5061089
4600304
4130819
645517
377181
7419928
1035888
5713716
3762838
4480406
2056197
5645818
3380788
420022
4157701
7437015
1480000
8429468
1661216
1346422
1066850
911179
7375690
4326850
5229596
2016491
4216687
8665064
4016386
6110924
8472943
3778058
8049078
4789815
6946122
3638934
7740698
8546548
1905359
6757329
5096126
3214535
1253652
8436052
9834941
5829165
1857877
3023918
2323866
3568696
2316732
6865079
7508913
7462038
7745948
8075408
495404
8153012
9168161
2405342
7338979
5826816
5989824
7661522
7314272
4864140
4218830
6623075
8359952
6841068
5252283
1566366
4161072
3427742
2298615
46743
6584624
6030661
3837777
2382229
4281792
4083356
2108976
7158921
805650
2651751
8017376
6246141
8600269
8404728
5282704
6713323
168285
5478918
1569553
8293565
6145872
1557589
18662
7351421
2086827
1182666
2823034
6960450
2709854
4160869
6599977
8876517
645169
3298549
5460485
9862375
5084476
8701467
9704703
7675220
4341289
3406479
3562970
1864633
856704
6251737
4272840
531296
540019
5292777
1859816
4351452
8346915
7178332
3699634
8779724
7396210
7729006
8432086
1909074
5718922
4469539
4266081
3652837
8533285
4875394
895404
9252736
919244
9479886
9998912
1055305
27161
4263789
3160997
1376956
6752909
1534267
8491913
6847594
3959529
9942353
2327758
6361407
5025713
430674
292237
929564
3427770
9085329
1381729
8074905
8642500
7886879
5883932
3658087
2626001
7473565
6183476
3471058
3363848
1096494
5111753
5307081
1756775
1066598
1783835
2381282
1213646
1840709
4959964
3037265
6984919
2811865
3608875
9708360
7660791
5363838
3636613
6623775
2703062
6513009
9964518
7758186
2653912
7103461
9416261
4234585
3778510
5546391
7215375
2357616
1759092
5254100
9327879
4823417
8308352
7508523
6182080
5251907
6607350
5460489
5558438
8213036
4852973
2947492
8642854
7652259
4313869
602389
6453567
7819626
1880876
546475
2025527
47404
3572794
8220586
4147160
9346034
7764566
2210168
6647846
844089
5174856
3160611
1590820
3606629
9372393
8092790
4352281
7209827
8134307
9247786
7721835
3918226
2631630
1699914
7700649
193597
8768207
4317307
3570507
3215149
4219668
825837
6840563
3585198
7306326
2500895
4881480
5656391
9899286
2111710
6758709
6720496
3666759
4749115
470632
6021610
2126579
3808302
1607407
7682609
8050358
3819203
2335709
161456
3571582
5243454
1429734
7345938
5430006
1009628
2041847
956199
4166593
9270399
1685555
3163739
8600155
1478339
1882607
4715307
4307374
6580246
5691539
630374
1962492
9274039
7813245
7966347
1945092
2028295
9681968
9106924
9690298
7887546
8941129
1308060
8997009
5245675
172144
1021702
3168101
1431054
8925293
1109466
7623335
2315567
6124304
9017956
5493268
922499
1465331
65049
569758
2696716
5296966
5429310
5529046
6469374
5210569
1078936
373043
5425616
4433267
8892768
7950474
3277293
1669826
4869544
7749019
8872354
1171726
4486905
2549593
3136457
2794878
9187807
4275265
222487
9324667
8036293
6464700
3922107
2503409
5455215
4576520
1140993
3446976
1312686
3162434
156101
4119403
9813215
2363468
1485641
1400732
1397252
9481613
8108789
7594079
983877
245459
4538050
7946877
7381928
3714252
481014
9134295
9249613
7764473
348256
8741045
3180257
7916964
7696886
5310793
6635466
3379342
7672513
4827089
1410524
4428397
265367
6466412
6090927
174656
3831723
5770593
7021500
7936543
3170630
532102
7446637
5976076
2322974
5954665
8024617
563921
7210368
2734485
3852517
6879395
4502897
7794001
2134401
2698340
8347752
2164093
3863781
2686949
3683940
4626826
7255372
557551
5410204
8924052
770898
4977123
2670962
3029560
2126302
1106365
7773951
3763087
3212995
9604751
8588319
2236722
885492
1591698
571069
8781666
8962304
7810469
8585536
8104503
7538801
3903597
8564175
8637500
8461936
1256918
1547021
8807016
1388551
8411663
6375251
6925240
6522095
2674506
1681548
2963566
457861
1644723
1858943
8815047
8863247
3169341
3216405
719375
5906988
356129
595290
5636147
7030415
7342079
2488174
7684148
3064104
612520
9897522
5032872
8100664
2933935
4936665
3436308
3554175
4987475
3671515
9351210
8052198
9630872
673588
9500831
7342486
8528130
8155210
3207774
9229201
1747257
6380132
4873903
6190779
5214141
9863275
3191992
2349463
157616
262473
5420686
3802695
9683698
6471145
9711832
3377568
3100013
5882549
3441277
7332299
8675434
9694433
6287249
4250197
1398725
2841919
5862949
5476049
8206221
4914487
2690807
5342425
3731488
7673562
4033550
7532113
7237770
4287841
5343455
8614959
3993535
427000
4568400
3692953
7172061
6458606
8687017
5466035
9068432
4576036
5219710
8081753
7264065
3165632
1548285
6717212
1236226
7828659
37632
454577
5644418
3765680
7148909
2114459
7323335
9672731
5992444
2849733
3003094
9559742
5406628
1988888
5290419
6231781
8617157
9850219
1957303
3394784
897908
4066217
1707
4545761
8533059
130490
35893
6091724
7667014
4748178
4039258
4388764
5991333
2436333
891386
5219690
113279
6450671
6201848
1768187
4181761
8609160
1410028
2437215
3112107
2859119
8798184
9532994
1943997
910530
4734153
938726
8591452
5821829
5746730
8023288
4741953
7330339
8518740
5686171
7813380
36126
5022665
4421479
3228031
6384646
3699621
4386520
404510
9157811
5672182
7806635
218382
4699344
2090731
7552891
9174103
3760347
5685848
3054761
9778310
872497
791388
6615675
9986454
8388362
3108405
4419118
6953772
8103347
4794402
6640624
2541093
7322354
1453206
7230675
9303333
8139397
4858478
3890203
5184254
2531977
6187609
5928386
7376190
2002293
3013842
6471896
2459520
2341869
2557625
6733214
8118867
8771874
4106509
7286563
9838356
8118709
2065481
5219036
9152665
444687
6740058
6811958
7981815
4014120
6655129
9848093
1067716
6515521
3749449
1816775
8539414
2653339
6140033
3183746
9624296
5558198
4214783
1488063
567065
8605242
306006
3184579
6629139
6316278
106421
711798
7529530
2146040
5210735
9121539
3186001
4039379
795594
3248963
2681614
6424253
5831729
6342204
5334919
1678429
5821387
9742805
6479725
4226617
2724344
2832781
5901864
1467482
2747042
5651063
608852
5004762
1845474
5412593
3762523
2820524
3280645
8276826
6623639
2870903
3121909
9806249
9795200
1005203
8609303
9997088
6437348
4601919
375203
7251156
6544704
8011089
2899364
5360047
8887129
5735795
9399908
2445677
7759455
795382
1440456
3877654
7022505
839479
9424923
9855013
1395121
6622779
9666596
7400348
8740803
4072851
2037070
5006977
3035372
5600576
1025619
8890267
6554049
9110151
1070428
8062718
7560801
4201259
1620528
5009595
9263898
7116600
1496974
4169947
9839885
1129593
7751564
9733175
6441603
7750555
9106470
2615505
7075291
8623628
8686842
7968762
1704929
8894341
5392438
5458968
8361962
5464892
5767564
7573789
7337966
4968391
9764057
6668454
2968561
416983
3472929
8111514
8350545
6672532
7362938
8996815
5146913
1603847
4931574
9899342
4126400
9211227
9716339
328921
3394274
6878890
8226929
2804684
3916064
8042316
520672
2329594
5459674
2007566
9366190
3591209
4633677
1689924
8228367
3604051
3255823
2957337
2198162
2836815
6450060
1658164
2663862
7501491
2449041
6829747
282006
9054273
2218118
1287530
8603818
2815707
9040726
8263744
2362993
8663894
8111261
1936961
1357345
2859825
8883899
1406762
5209038
8161904
7908751
4372459
237267
8825191
1219967
7902192
3809397
965464
1052152
9335427
650874
76596
7130281
6496475
4397662
4270102
2762634
6376071
3018057
5645984
6755703
6983367
4059979
4276076
3162396
3322414
9371086
7427456
5313470
2848574
2651579
1899750
4391502
9073523
3642583
9592826
3913023
5703440
2809545
8522962
401251
3919246
832081
3699542
9991250
18789
6358425
4384341
6875498
8546730
7601233
3621828
6185235
1165063
8993180
2448330
7065988
6049919
9828810
2923500
821798
198462
748824
5848600
3939947
1936106
6980171
9897706
9227873
5472551
9218107
302985
1585076
9568872
3079805
3634890
3485264
9938345
7561993
5435504
9891248
8741766
8819287
9126155
3183855
9278486
2955401
2978886
201810
5785971
2247596
990191
8959570
9214609
9984905
3331231
2808459
4056690
7769647
6526138
1270115
307231
6604173
88329
3663695
2531002
2450287
6888634
4871267
7646269
7629814
301108
9066579
3919074
4801538
4462708
2361358
6916013
9985484
2233886
8908616
2482431
7013844
8541582
791815
1976229
6807289
3295162
8709328
909686
5142220
1773952
9767316
7259426
4157140
5791744
7394324
2090219
7815836
5108545
1389855
8397526
7068129
8629661
291951
9763289
3587862
7406324
3211841
2103636
4978586
7419728
3808139
3330589
6961227
1380409
7838897
3639727
9238333
4283604
4230755
5037990
9311586
1850568
3551717
930745
6469848
3553200
6409786
842053
9118778
402970
9568203
5760636
6748275
971837
341601
2105744
906503
8603837
3460138
1379799
4733485
9128273
6436196
1304929
5358000
6038546
8419173
3057661
9517808
3414175
7938588
9593215
285500
8052394
1070905
789158
3712710
6126868
1292737
63797
7560111
1777549
1231953
7375488
1031131
9975436
2197829
6217975
114506
5151619
2009510
9543273
618854
3766136
8188228
4432917
3847307
3789652
2153758
7933019
9755879
2257528
1133281
1982762
471077
9669620
3560420
6704496
1158477
6319949
1406409
2125385
9941402
2968041
7020287
325709
6864869
7711800
818067
5947965
243016
689468
5109629
5555375
658494
7815229
1036660
3204990
7934122
5869120
3290675
3999161
8275299
5133263
677821
6762692
475327
4374718
2117404
7130393
84935
7302319
9365059
7904672
221329
5034690
2579309
3857390
8851871
1694457
8298652
5914544
5715702
8662188
9944807
393929
1337813
6655047
2090852
7404940
7504742
8578888
1869546
8325012
2621070
4687887
9244088
9793192
9815399
3439727
9359462
1568778
3802297
306091
5907165
6659084
9897294
7908434
7961545
2536664
7736741
1702534
6438425
4101780
1222555
6266710
6419436
31116
377755
701579
4206864
8983851
2808301
3563899
9700923
6804819
6306254
1059025
1231288
6448147
907946
9816048
9635019
9534832
8227308
5917639
5258751
3350977
2540080
8512613
7365886
9470939
5159796
5439244
3471685
2761799
984885
866168
6157569
9012241
4593164
3369937
4366027
6516127
8289029
4343891
9832778
798073
4301214
5066079
696990
8137740
1513769
6508609
4710911
9586541
2628595
3626956
6932784
3831223
1751222
7306978
4883927
8257459
6714878
8417125
5228279
4581790
9322954
801634
8729337
6410138
6631114
1768462
1796072
7163298
9043877
8112973
5638272
3484342
6189071
4719878
4218239
4930254
3037469
1882857
5189440
559951
1454716
7047012
6165955
5008023
6699744
3755935
6850320
5839054
3331712
5993391
7501318
8258716
2935170
6072989
6975363
2349483
5684904
5145786
7226204
8723974
5338617
5781544
459929
5657413
3354912
787733
2551851
6255091
1179325
7306920
8378902
2191845
4265115
2265934
9510352
6558837
8456947
6984718
5195860
8520939
998704
2511171
9473361
3769483
716510
1148664
6084355
837691
8080913
3912802
5885621
4907031
4334640
6660067
1739179
8362922
179247
5668703
8317061
8396224
3412628
9291655
932060
2229639
4911885
1114971
5537162
2447314
7914389
6512375
9569568
6286781
3264606
6320581
4594141
1491856
7076769
2059668
7878680
7965599
9481435
9070939
5959934
1166086
22472
3307232
1336917
9260830
7021273
3492938
4864159
5551127
1487831
4638448
4774089
3279531
8304421
3370637
3921731
5291869
9703249
9189784
5362512
7985071
7206336
3179037
6111857
7069992
4702757
7767538
5560173
7239953
140926
4401648
7297118
7201300
4439181
9610879
8331163
4361692
8476188
1532538
5068598
8168551
9398585
2023660
1113941
875802
1739134
8838203
3601119
8989430
8636981
2427067
2732630
6679464
4833671
5584016
1883990
6576052
1054661
3969355
5532351
5415028
1280069
9464074
2784401
9340110
6882397
394236
7213308
5781191
5381107
9619863
9681617
6364733
2751059
3309042
3882324
8905289
1042508
7461770
618958
5885993
8117861
9655673
5956322
1319612
9681331
7572740
1526074
4492086
5351432
5195047
7098646
1116121
8245063
989539
7243512
9525016
7328878
7492617
5399591
4684316
9912050
1619141
2617705
9858889
849954
3543620
9066565
2512215
1644526
5199065
4659841
3215857
1987744
5413829
4266709
2595508
1775332
4263473
8328876
4197610
8892413
3239216
7648903
9648781
3911287
4488138
8394454
4163019
1325435
3417941
7713225
580041
5830763
4510352
8331169
9517088
886032
4059175
8753844
4100278
8395806
7213688
8846058
9601373
5341576
79033
5569214
5297209
3877277
2415450
9472069
7785320
5911596
3673307
5801273
1568352
6073896
3576102
9555575
2140743
2453438
4630086
8713175
1181341
2621473
8157258
3937403
617875
8832235
5787867
805839
988751
945587
6752053
3761720
5685925
3206901
9330937
6971112
3343437
9452461
3313897
8283053
859217
3923940
1246237
4628816
8247142
6531952
8779005
9619159
8225290
827031
4437093
7315870
6103160
8978676
2953986
4602520
7318054
4319654
1427513
1190096
4503939
5941647
5697582
8268340
7672985
1925182
7576792
8029637
523873
6956573
1934723
1989106
8487955
5544513
2871010
4712540
4066181
8849709
2076775
8085076
824478
1332107
2914499
1531437
2841033
3814615
4623171
7783976
2209184
6749900
431421
4047166
7864595
1413890
2646060
4753030
9627577
6179704
9419903
4853394
6785423
7860687
2835494
3503477
9793556
4321719
3670682
2740723
8162865
4650651
9084961
9819888
4254986
1861674
1951882
7520404
6583589
4162434
7644345
3753475
5147953
3205468
6344864
2514727
2570660
7204225
6971826
3366426
6877816
1240802
9240362
675537
1688774
9224857
4931401
460775
2783992
525316
4860366
4974911
354759
7764794
7812819
8632342
3639204
1762068
7780447
8316504
7860494
6416019
2690113
2642002
7413369
5970490
3580559
2891478
6228120
4051880
4056948
3305830
4442010
9754538
1648804
3016219
6129257
9414556
1658750
7998280
3420533
9188235
3699820
8855355
6284231
9017525
778301
3017807
9277255
7540896
370776
2523983
2813228
6285376
2101514
6785473
7737264
5937382
7664290
2307500
5372860
7768951
3855894
6114
7976727
1056244
3689764
6853968
790665
6516434
6290149
3079093
5322771
3794564
6209545
3531680
3081852
1085357
4262338
4336662
683941
6943793
1987097
5829304
794235
27096
5605799
3475504
6258066
2658060
6071553
4885576
6225399
3560375
9238529
4968473
3445729
3963089
9282711
3079391
850129
9998429
1736324
1409613
2125614
8897059
276715
9517174
7531581
269963
1246203
7932360
3142064
2272006
2252512
1971280
602757
5629619
939410
4818396
8643839
3654718
4945900
261161
9120745
3433162
4703628
3524139
5846376
5935792
6376205
273902
244330
7579199
1850225
4471494
8250909
2039082
4867669
8465091
8503432
2554263
3502811
6035219
8575256
2521490
254912
8847317
7580797
2272818
2287556
5221422
3403362
6533637
2640058
3604801
7587697
422220
6452042
4298081
7291439
6963588
85745
9779009
205441
6971394
4324896
4316250
4930013
951376
3695595
4212982
3751378
2952614
2091409
5579291
6307237
5450540
3840627
1994260
5631940
7832456
3565546
8267116
8638516
3897847
287333
1403740
2634179
2331746
5038521
9620394
2290731
3463685
3467847
1607809
8043304
9711862
6046073
4825748
2592589
1092965
6392277
4440167
3836259
4821374
4580864
2993810
2028844
9710503
503061
8815639
8073871
4493832
1180769
2356567
1671865
3817825
5811220
6171853
7449181
7978823
1972712
411157
9907279
6877279
6407543
6163181
7034230
2677941
6477505
7746399
1539363
7865579
5746016
9405016
3404555
1929464
2931309
4574517
8613867
3967690
359795
9164524
4292379
6708336
2834392
59622
1873584
8975487
4949269
2688586
4118362
3940931
8707093
2646411
1553559
1169466
5292893
6942315
1547276
5473389
7247704
8568551
2980879
2726890
2404557
6379976
5995891
7025502
6950682
5238258
2743427
2719089
5690663
45106
2424546
7061035
2394398
8629674
1968833
723502
1279275
7601541
7668689
7499926
8466207
3194597
6492887
6356161
3760525
9788425
1390582
3002493
6753514
4010053
8590371
1669273
4382422
2566898
3623251
3601481
9533677
2633997
3116030
1098131
6870580
857472
6858383
8887135
8470821
747607
9346297
356988
7934333
8595512
3695837
4113500
6058491
3400752
1629928
9943375
3579498
2177311
4179210
6379253
3250131
1594065
3423728
1974307
9906723
1306944
7584118
6164762
5052483
6212554
8499753
4021261
1809024
8494107
7546272
7342977
8437285
7040187
7105757
6174794
4034884
3886652
2691834
1865425
4843302
1168252
2640654
8043780
5032639
869799
7187237
6771247
2614888
3785793
8930718
564365
6375796
9368424
4530375
7537052
4668593
4272319
8798165
8604912
4880520
3157644
8832377
7842867
8241212
3598490
5900737
8714367
3344391
865506
7564837
2614204
9775352
6192461
3174338
327441
8648002
911232
5805407
9216787
9749256
761447
5220033
1881883
8260795
367193
931949
9496302
8804986
7765205
6037719
3874284
2107517
743201
7384199
5652004
8666733
374860
8407521
177264
3343848
7217899
939395
8897202
3514341
16581
3735100
7422017
9920591
6233281
3584783
8597834
2863180
7133260
8353174
4179497
8396034
2634565
5636006
1984886
7080818
8176387
7738572
3834211
6234680
1027777
2229556
4529945
3554993
4829814
5189713
7671025
2766354
8458100
1301278
9514223
131859
3940234
498371
9335524
8414692
8709334
9410189
2555131
4567314
8503400
3284141
7448107
8334815
9499347
6408748
9473812
3560561
3932696
7062009
2883689
6250086
6257040
4544340
8234947
8850752
640093
9723387
5506800
5669648
8656732
23932
2893870
6479469
5328110
2775432
4800618
9921705
5073969
5084283
3353943
9186872
9383874
5737274
7790248
8478195
6328540
8193916
7239073
2467946
8437044
1868375
4180333
7063722
6807156
3539056
3631266
6593011
986856
3350205
5365212
3041174
1304329
4170031
8718951
4939235
9637470
7904166
4314053
3484563
995092
1477684
2151298
9235734
9231589
9838310
7144838
7810158
511860
2870044
5693187
621949
2130529
7623583
2832612
176024
6505043
2467538
3940938
1773148
6019018
4319650
679774
7560258
6051982
5145478
553426
4069306
4333644
5591176
7351212
9833926
186072
2079268
9592251
8109287
4124880
8655572
6549570
2647061
8514462
730594
556539
3461932
8751911
5565784
1565665
7160317
1213976
7033159
4032982
7751183
1997186
4179758
8166817
8859127
1939960
8641668
5341642
794423
2964028
5868486
1299430
3820442
6809462
4361626
1319006
8832341
7949505
4953524
718275
3234868
7660977
8746920
6952585
2060392
186127
8862561
5503196
786399
7537483
4982295
691161
9794762
167280
2758606
6226581
3219163
3416298
8923474
4181384
9781149
9804029
1469400
4951624
9612496
1598293
1772884
3744187
3476442
9541576
6446226
9414650
6575848
7074160
6084872
2132345
9276246
4056712
9083085
1653412
7625432
2797591
9023271
3650898
4075144
5409098
5103879
7735420
9662618
9478759
3765622
8429825
5259806
5286735
7983175
5959356
758337
7631490
67951
3718469
3984267
4437139
6365252
493375
4031934
2412278
5595812
1772408
4298774
100807
3446056
3394365
4576880
3296527
7442867
7629055
7864845
5163113
4668875
1741365
897930
1493520
6555485
8598449
8549134
4623183
3851752
4303497
662766
6577224
4288264
5296722
8680425
8079708
1401512
7487955
9069488
3269059
1733627
476393
6533979
398421
9942778
1828351
2203240
4919170
7638898
5632990
8249072
2464522
3560090
6948629
7340949
5236619
9654148
9312746
5097592
2260013
8509154
3739219
6021944
5329319
9314461
5596516
8389092
3676507
1504187
9869430
1867859
9558658
3592122
9240516
3057692
6767117
8847463
5261158
5701479
9537172
4766800
17988
3683302
8098704
3620734
350517
1743327
1238962
1924317
1955923
4889405
7925352
7068370
5773603
8860126
4715949
1897036
9113715
9326029
494016
6971484
5723146
2566116
9390127
4272115
9073909
9436315
5305096
5324975
2710310
7946714
4981547
4269188
8629801
3176338
9279509
2999014
9196870
9478791
5081006
3285904
7645900
891406
9504074
4345041
2826018
8513092
1790382
1275977
4885471
5554804
9238263
2037484
2362244
8780356
3273615
4044597
9725965
6372874
2596373
8682731
2321446
644888
7470600
531648
7251916
3106694
2665676
7660230
2699928
5812498
7152351
8940278
9695321
5309458
8204251
4609563
5651510
8303573
6291962
9389473
1465001
8178102
4790105
6807298
6277659
313742
5875529
9030269
2469906
7231596
9847533
7592825
9231042
9223713
5157911
9270244
2456179
9883399
1617198
7613456
4725275
6261264
3879045
5534276
3386697
2042365
9192612
9230844
6514830
9222219
3365218
4979687
8195091
3455474
4906831
2984048
9196676
2114769
9770908
2251979
5567520
7269271
4932477
9714132
3444103
1147065
4833182
5936939
2077363
355501
3309181
8240374
4050356
7453719
4235077
1327678
8528940
4090612
269489
4201191
8677583
5332418
3504534
1103505
2595980
2150799
2570736
2902174
4954021
2618750
5412661
841887
267176
8540759
9919655
5843069
5772350
1788236
7604389
3822140
6283679
7126833
261297
8689688
1160670
4623400
3217799
3599794
9118494
6901800
1315269
3365487
8317965
8765102
688594
8836173
1767984
1006970
7360582
1441674
4128775
6082647
1265945
7151310
4445773
6921310
6285633
9269683
4761672
539665
7051329
6388140
903667
1884988
6495957
4873182
1122339
5640634
179599
4299942
1294140
6865936
2132399
9771584
785434
8398044
6788798
4647829
1211331
6000548
3648992
9805373
6294854
2705942
779831
6327378
1266138
9604665
9919424
1693413
9837533
8465637
1015733
3150440
9847353
7157372
4392526
9586431
7876385
3596946
1266224
6936930
664187
1244483
8170333
8816685
2526746
3670203
7702363
5285161
3370573
8045814
4456094
3204136
8520818
9060485
1079851
9707992
4591619
6282014
96364
5139174
312858
3647868
1766057
209880
5766357
5975978
708351
4641762
3997609
5293204
5588741
758631
4069129
6961210
371718
5277885
3963392
5796517
1451537
474337
9452698
1714325
8738165
4155385
4677746
3682798
2858683
2519165
4737424
3364571
7584036
2922015
254167
2894368
6189959
2969733
8626972
8569489
8998907
9416311
3868631
8674486
6257519
922304
6706787
6209358
2772880
6141497
2052069
3207541
4087694
3729550
2064644
4015992
6092162
1764966
6728365
4184994
2988790
6757065
6219242
2322790
9159969
7077470
6660176
1653007
9476293
2920133
602102
6302165
4811484
6270733
5667342
1264174
2964148
6064105
4222093
474229
787323
668724
4257960
4521059
4182605
9186124
5605914
5955818
728294
5885782
9137342
4291071
1750393
3861766
7736636
1048885
4281527
1509830
1095393
3539672
2670052
2179939
550243
5961989
1490856
824324
7130528
2905225
9168751
6430823
5160041
4771437
6584951
8134441
7188869
8878295
9213410
994304
5865536
4207003
8886179
1915053
276920
1555061
7220863
1387897
4764185
7950577
7108014
7331308
2485085
3336478
830271
1672729
6325865
8394516
1442049
2648004
5090272
7042242
5850825
4051721
993287
9278994
3992490
23281
9888860
1374419
6780534
8708588
1411045
9362892
7408350
5236840
3782491
9975284
2091041
9156031
177888
2745103
8501037
319649
8287270
9782884
478307
4411149
3605859
773986
1653357
4133214
1040618
8774116
6139124
217920
4254124
7338954
6095971
2619882
669934
7090150
5581128
4938129
7037738
1902244
3425252
9953511
8839496
3226464
2223036
5255950
6149612
3140672
2462724
66232
9666411
4719618
5251862
7774098
8769713
3863336
4573439
9389517
3905910
8469372
9293275
9433392
7081406
948749
9903555
5317641
4024790
3774249
7594911
8592359
4688506
7648018
2884652
2069375
379655
4671119
8678395
7046931
8452448
4544730
9069718
6478466
3462058
1781263
4879823
2022153
4553326
5484908
2837645
5383505
2114772
652682
5769432
8041242
9599214
147093
2896103
2036614
9662034
3003112
3992080
1636226
4672245
6780016
1958142
4151071
6686390
2397890
5440270
5929135
7149664
4430636
5137675
4996625
9533956
4391736
9100891
8636071
8743625
8976439
2618428
4258455
1212425
9103780
5876569
4749433
8719285
9106937
8691
9619820
160438
867456
9593344
410583
5561005
8126295
3815460
9518488
190052
1077209
8806639
4643240
9412873
8642565
5721402
2418934
8284555
3668478
1019038
9570158
5430264
6833260
7629724
941546
6436668
8388970
7626363
9660147
3905343
4561263
3008978
339143
3850896
5636573
1932537
4829711
8549581
2572596
6885064
3002104
7832681
4669426
2554329
527221
6176531
3223700
1971231
1144649
560654
3135572
3413540
603593
1333901
5101655
7721626
7765313
1906675
9063274
9728806
9330994
4752789
5787965
6328611
5435778
2393132
892137
8542058
596547
1184329
8745245
2720360
7630183
4669130
1338971
455634
5331196
4942685
2014359
6159000
5197501
8754392
3294695
7821951
1922732
49585
8798183
5651747
7776499
215799
3624707
2598241
7618160
3277726
2182389
9032784
5702715
1533173
5161064
9683666
800109
2919549
3685297
9376262
4224122
1115251
1396300
7284681
9950072
7357747
9262836
7713352
1928664
3851823
2641607
720898
4959559
6951360
4286254
9289674
594417
7631936
3267853
6664641
3146082
4367995
324943
700088
2943212
176002
6927889
4129051
6646986
6117125
2503814
8264634
9665463
8975735
4172384
6155733
1498597
8788325
9231051
1753386
4405001
9469284
3269353
9685393
2175646
4247894
1989601
1192076
9809051
5092673
4200802
3315652
1708889
911142
1978939
2019581
6797262
9145891
4958267
7166781
2751120
2852732
2867850
6879339
2819111
184052
840012
2415483
7648175
357013
3807803
1781950
2012009
3594937
9094536
3596099
6091178
7703946
3348414
3357602
5722946
5665074
937706
8924356
8389439
9232868
4893157
6988038
5933032
6574002
2345842
2208262
3881850
7474461
5274176
7464406
6982204
4238363
1199938
7102003
4539579
4480582
9928566
47666
6434141
6547683
2368063
5024486
6092168
8864686
2082065
5242638
7279528
4742506
7807116
5044972
2080430
7273241
3887702
2196331
1087666
3845034
1918414
1742168
4041772
6457067
3267280
6582845
1008866
6589833
9289878
6947262
7299809
7489767
5412296
6700142
1826165
7156563
5535581
2988512
216164
4340389
1861840
1888251
1663818
4957515
4252982
595920
2851019
9185066
1027366
9339669
8593886
3215585
6004049
9198492
3914963
6751391
4391748
9579117
623666
5748149
8434468
6865004
8135883
1006485
4245467
7504457
2580798
9504612
4824117
7105476
7590860
4178662
7390383
2023875
1447318
9633992
2911986
9408242
7271240
8581790
2880931
5245542
1814621
2777616
5707009
7127708
4677824
7852593
8713737
8537525
9579535
3838984
5819025
1304084
1018069
8222752
5494903
6183160
425090
455195
9917747
3434295
3397638
4850609
7034856
9961923
6736711
8814819
7758693
927857
139075
5400637
7956032
4661260
8657670
2448470
8015523
8049096
68755
8387984
1042307
5860776
4386299
9278166
6684238
3227731
453531
6201012
1355761
4378025
6455153
2662583
801472
2801994
3045461
1122778
5348412
1941511
5052927
5734165
7379148
6657966
3986524
6413731
6698822
656985
6437134
5773645
795909
8084991
6988397
7960814
7803504
8980080
4692788
3226508
7927485
4981491
5802605
5566124
4812616
5668189
5325361
2625946
121160
320610
91918
9404941
2419067
9374645
3280420
984094
8206632
5583152
1905621
1142064
1950597
6071744
4235191
7343565
4532866
204995
820960
483368
7096336
7881273
2092429
5805245
2036591
188941
6017666
7489494
2384723
5901564
8748978
5218920
2601353
4246205
4842901
1172266
1709090
3434410
738888
6531995
7860745
852334
759237
3979195
6581128
4555160
9888597
1463507
8306195
6943235
5648662
2795444
3933446
1570311
9365948
347093
3352131
3860528
1688432
6625659
4856151
2771755
398183
51770
7491038
8802158
4589767
2706495
3062293
8193478
5726602
3669331
1365611
1215763
4337760
1632278
9511345
8172557
8262661
7637734
1650655
1514493
6598416
1647692
7670121
6893532
3044582
3233689
7322013
8170237
8345654
9210713
9941581
4057284
4942114
6903572
1101013
5799562
7726817
2375619
3681663
1805402
5248049
4395449
2647949
2020163
778354
4297839
9200114
5298373
9353584
345298
2370108
9361272
4671030
9452466
7039430
6973548
4459850
7947137
3048123
8148729
8518736
6353351
9033756
5860207
6366912
7519161
1824901
134442
7201060
1458427
453167
5248577
9592440
1179588
1206785
8775906
6081913
4734573
5183708
4234536
7528501
2195327
872293
8912741
4056387
3988466
792425
3426027
7752751
3256156
3617224
6674084
6133027
7822381
943983
612293
7488216
5396914
972684
4917017
974549
4352763
1282972
9731792
9547625
5014466
9978114
5993525
8584433
2176724
5874829
8924264
5153308
4557873
6945575
9847343
5664260
8309725
3421423
1105850
9843986
2739566
4561050
6877445
9000833
506700
1995089
9217877
4428165
175566
5878212
5514842
2822228
8325337
7774540
4695045
8272684
1134691
6986172
8069467
6165852
3885786
9535819
1587278
9958123
9514927
9748227
3280966
5797923
3581438
514882
1878155
2812037
9283666
7548327
4053359
2867474
5755734
188661
5068520
3126306
370233
9402106
4541519
5251548
9770967
6136311
1555216
3222026
3912213
3249778
9457828
6765633
2098887
7332675
9101601
3609218
260610
8986125
5664541
5364705
9600913
5726115
7057846
9289082
6746005
8008236
3659854
9063599
352921
4291709
5793259
9242035
6020969
7933946
1707489
7772590
3965899
2556818
5266607
2384234
1949721
1668703
2727230
3309225
9891523
3451030
7772410
8313163
2105476
6443593
6675296
420661
8519429
6292936
1577240
7496196
8365787
4157095
870828
