4526310
3567271
8980489
6050735
9509988
1083374
6749592
3032538
5370159
1408769
4384754
7999754
4335341
4365092
2192653
8621258
1163664
4783336
3217371
8274944
236809
1239788
7625268
8172465
5276557
4343315
7451059
8937481
904243
6466175
8809998
2496082
8327052
5901039
5252330
2367405
2207810
5817072
3581285
7350016
597012
2326544
6849776
7439949
5776572
980166
6443361
4880715
1186507
2991795
3218984
2873438
4683796
3110972
7786798
795966
7464487
816113
7898761
7139570
5553169
7925707
6574110
3720547
7850316
5485602
5132574
4722191
1070562
8331463
3065123
6171762
6293212
6534197
8719501
7449723
8001589
8681792
7501162
3280910
9682906
2322158
2756813
7810449
8141001
4837473
845788
3612362
5273592
4077062
5669065
7464897
8377954
7896745
9080342
8310916
9719426
8377519
4784330
3273918
6586353
6678402
8622369
1051606
3636874
9521388
2274791
4876917
8668843
1057499
2443500
562522
8614028
7752255
7377240
8507811
7160543
625139
4394460
386907
9840421
5579762
51294
206644
8645678
6497591
2179539
6966945
9131379
513331
3265941
4701937
7971966
8812273
801886
8297483
9573965
6939313
1708284
1107832
6542796
3008243
1485224
287582
5950720
4091608
3945377
5112398
1273283
9867907
8985942
2420761
5292807
3906078
6548280
3255275
5509351
8197569
6373922
2788129
3334870
3493967
9822980
3747600
9097440
3110419
8990322
9982258
6778282
8455094
8768569
4123842
1563078
63497
3828751
3089868
1305628
2292742
2505898
7671178
8249228
4279908
2852006
3335659
8271456
827687
6710072
7894286
9744153
6305114
7563059
5980396
2564889
8366091
2531944
237518
5140856
5560580
1149121
4779505
9203935
6858126
6629616
8540367
3827910
4632435
5948028
7974907
4213014
9641320
1536355
5541686
1003769
1665818
9938272
118092
5911237
3890728
4786300
7473724
4280538
5585785
5067178
1695787
2020000
2378801
7311197
7888295
7265211
4624576
6760013
7053603
3824697
8689353
6700667
4743854
6560924
946736
914745
3707244
9850838
6971085
5045217
8028124
5774294
8377099
4021893
4365537
4585430
9309887
7723949
6302745
5563075
2023057
8254717
2013266
6509848
9247925
8990108
6166467
2785020
5526757
7157913
6218572
2884862
9024222
7913865
1820970
4000894
6116347
7444700
2409771
6711628
474964
4917877
3458803
5604371
362208
9210978
632696
5496063
2240619
604120
3257243
4890641
8345648
3437702
6676454
4112334
1734785
8088944
8404757
99922
1494356
2889306
6384096
793580
3496824
3245610
1114508
7581128
7013686
5419079
8910379
2867124
1563329
6416011
7251740
976612
1727759
521001
2943388
7733442
5932226
1325776
4189800
511059
6538446
4430242
1170312
8403472
7201163
5607894
283654
2480929
939737
5325385
9527850
4961323
3451407
3293221
9954612
1288109
7681186
9758719
64253
7126604
9434522
6373309
1193643
4739337
5186847
8578379
744401
2755148
2526715
5644616
8148751
8833128
4490203
3487850
139143
8043670
399646
4396925
1999278
1343240
726229
4923801
9968902
3938990
3999962
766914
4482792
5246843
8339104
8982032
1902197
1581086
4794662
5215675
5867036
5979646
675533
7211432
4725293
6331752
4352160
5048824
6024258
4005057
7647508
9299679
3652735
3297927
4558246
8250105
3176780
9128241
2094216
1764109
4919527
939827
9752688
9773942
3878303
2608024
5180493
2411435
1220969
8916
2972111
2217227
5892070
874063
2806316
1205556
2644900
1380714
3180474
8250617
4206659
5962539
9778097
9106140
1669547
3669293
7091601
8884840
4063246
7819908
9338377
8072711
9098555
8792337
4678884
5903665
1454053
7861184
9912062
2639460
2390686
4556149
9819038
2726574
1516653
6973087
7572667
8531390
6212795
6373543
7816875
6282726
4024115
4511006
445605
9482743
2110487
298553
9844919
5923924
2455666
2682524
7201990
1408906
2126955
5152536
9612869
4034708
6651450
8913202
512665
9693830
4208211
6654907
4760678
2643284
4573453
8253468
3400867
6565195
1291707
5070794
2899660
4588114
3663249
6569913
4050434
7706330
6927306
2371810
8444439
1368728
7529954
681827
4661490
6671484
1012191
2806703
7393373
5053210
1561994
7533833
3256251
1354212
6617031
3050868
5757606
4992731
6711607
2851174
6307749
5629478
7808874
1715679
7869577
8139192
9858712
5483726
8873792
4962775
6035759
5142653
6985965
4184484
1163991
2941942
8689796
743731
7908063
7605605
4544550
8390647
838668
7641492
9447502
930481
190529
3131853
5748731
5670149
9179234
5646505
2424017
5363869
4879688
7621813
5119389
249964
1443673
2285392
1264459
4672740
3633459
8943886
4613962
6809393
9994230
382098
496269
6382598
5603435
415314
6066207
7239538
8457206
3581925
7309135
6882480
8362467
2485317
6977153
7218054
5155190
4631340
28552
7235177
5460707
3949622
1182532
2153208
8728833
3430007
832330
1908174
1064270
9772554
5365488
2831920
5017713
5237087
8178691
4486120
3115893
363766
4948429
8561173
7111742
9928112
7768933
8012347
7424394
7359366
4872820
8645214
2536911
1051014
4366724
6526921
7710996
7241958
3360817
40437
8071315
4281563
6538176
3396533
5896422
6111150
3438166
8933148
8197557
9725269
6809422
2476657
2861199
9271979
2790273
3922261
4835626
4343998
3233039
3765017
4497832
4369848
1203891
6577840
5285486
4113482
4976611
7390511
7671852
5887218
8378020
1768791
4656426
5305357
1306971
9858796
586887
1793662
1156258
5483503
8428795
7151357
9802405
3618791
7785993
5911154
806482
4841463
3059694
7308022
6350955
9043325
228233
2649452
3269093
7239862
1483205
493691
9847251
4706870
7504696
7114842
6036701
6709495
5979117
1446168
5793162
4878283
5829912
1884005
5822965
7892594
1444329
7179405
4128223
323348
7146071
5138451
1882876
7991124
8296649
7078342
8963412
24844
3043271
9602552
4458804
9281521
1242637
9566332
4746109
4544233
8897464
4828131
1101400
5492645
8182695
6028188
2130435
6021748
6602550
6362457
5124950
3635347
9397430
6327909
7994148
1897410
2143833
7017528
5638324
3856866
9653508
6965944
5663262
6041912
4564480
5882442
5732247
3637478
3266219
3550798
2115847
3667038
9460339
3733899
9966073
7804343
6238828
8469484
6005003
7868082
8597292
5965123
5625286
1419796
2721139
2789936
6920097
2444908
5429699
5017777
4081204
8524468
5390198
7512302
6128665
3521910
3397796
5800411
9201975
7044313
1582336
582820
6719829
3889352
2284043
4266416
3697012
7888031
4051842
9962686
5503684
6498659
8321176
3478082
1611043
2433891
2975246
544318
7113636
1131276
4449323
7758553
730533
5870360
8439372
5659252
8433385
6225204
5169586
9954159
1778849
4156553
3929665
611197
7616094
9376372
4228736
3562163
9980668
2243094
4605059
5213434
6054470
7554439
4648304
7633223
7309631
1509603
3088014
9770689
1623504
3819239
4897937
655452
2338099
3688168
9834190
6056202
5630484
7406638
9419152
9666609
3309398
9762971
9114896
6675720
223453
7679324
6662246
4389357
2018305
4842842
3968702
3819731
5648704
1777599
7886364
115779
5084299
2326371
320727
6240212
4509136
9888513
8832926
3549882
7211931
5439522
1812620
806082
109577
2958263
3278858
769112
3537666
745469
7529120
1263784
3870430
8176648
1277183
9471786
9085681
7331268
2322974
8410402
6200854
3777194
6540148
9514898
2046549
2168567
1360681
8817531
1868590
7031548
1726437
4109721
377481
725044
6069066
3308159
3843009
8076609
8266581
7193502
8528709
5619950
6553088
2689680
147163
36530
8742033
9121770
8736268
8618038
9497445
6374813
2836248
5661903
7750446
9562293
4876569
9134231
8192237
7509890
3217722
8729615
7473270
1869495
1354266
72217
3685653
8365254
3011591
7732110
5596748
8369650
5729706
5741027
9524073
113800
7011070
5141419
9788757
4774934
4765621
4435931
9958921
8071720
8275826
5398511
1852666
9224608
4619477
5859334
8998261
5223057
5154759
6478612
6782577
5832988
8999040
8139574
5709836
5373516
1810675
7275159
6976041
6502949
9037238
7725963
3836938
6193710
6466295
245855
5830967
6814637
1280452
9634966
5432086
1962034
8508219
9335933
8431563
2144810
2440668
435283
9179943
1988411
3523122
3640665
6174735
6429262
6804314
4884748
6060509
3722486
5275941
6979618
4215973
9140205
5770159
9355101
3254922
3172648
2557602
3652334
1371041
9254864
6979824
9612351
9929421
9327553
6114225
8687499
2073849
1170331
4414058
2573154
8964038
6409299
1779906
5540795
3353579
