4526310
3567271
8980489
6050735
9509988
1083374
6749592
3032538
5370159
1408769
4384754
7999754
4335341
4365092
2192653
8621258
1163664
4783336
3217371
8274944
236809
1239788
7625268
8172465
5276557
4343315
7451059
8937481
904243
6466175
8809998
2496082
8327052
5901039
5252330
2367405
2207810
5817072
3581285
7350016
597012
2326544
6849776
7439949
5776572
980166
6443361
4880715
1186507
2991795
3218984
2873438
4683796
3110972
7786798
795966
7464487
816113
7898761
7139570
5553169
7925707
6574110
3720547
7850316
5485602
5132574
4722191
1070562
8331463
3065123
6171762
6293212
6534197
8719501
7449723
8001589
8681792
7501162
3280910
9682906
2322158
2756813
7810449
8141001
4837473
845788
3612362
5273592
4077062
5669065
7464897
8377954
7896745
9080342
8310916
9719426
8377519
4784330
3273918
6586353
6678402
8622369
1051606
3636874
9521388
2274791
4876917
8668843
1057499
2443500
562522
8614028
7752255
7377240
8507811
7160543
625139
4394460
386907
9840421
5579762
51294
206644
8645678
6497591
2179539
6966945
9131379
513331
3265941
4701937
7971966
8812273
801886
8297483
9573965
6939313
1708284
1107832
6542796
3008243
1485224
287582
5950720
4091608
3945377
5112398
1273283
9867907
8985942
2420761
5292807
3906078
6548280
3255275
5509351
8197569
6373922
2788129
3334870
3493967
9822980
3747600
9097440
3110419
8990322
9982258
6778282
8455094
8768569
4123842
1563078
63497
3828751
3089868
1305628
2292742
2505898
7671178
8249228
4279908
2852006
3335659
8271456
827687
6710072
7894286
9744153
6305114
7563059
5980396
2564889
8366091
2531944
237518
5140856
5560580
1149121
4779505
9203935
6858126
6629616
8540367
3827910
4632435
5948028
7974907
4213014
9641320
1536355
5541686
1003769
1665818
9938272
118092
5911237
3890728
4786300
7473724
4280538
5585785
5067178
1695787
2020000
2378801
7311197
7888295
7265211
4624576
6760013
7053603
3824697
8689353
6700667
4743854
6560924
946736
914745
3707244
9850838
6971085
5045217
8028124
5774294
8377099
4021893
4365537
4585430
9309887
7723949
6302745
5563075
2023057
8254717
2013266
6509848
9247925
8990108
6166467
2785020
5526757
7157913
6218572
2884862
9024222
7913865
1820970
4000894
6116347
7444700
2409771
6711628
474964
4917877
3458803
5604371
362208
9210978
632696
5496063
2240619
604120
3257243
4890641
8345648
3437702
6676454
4112334
1734785
8088944
8404757
99922
1494356
2889306
6384096
793580
3496824
3245610
1114508
7581128
7013686
5419079
8910379
2867124
1563329
6416011
7251740
976612
1727759
521001
2943388
7733442
5932226
1325776
4189800
511059
6538446
4430242
1170312
8403472
7201163
5607894
283654
2480929
939737
5325385
9527850
4961323
3451407
3293221
9954612
1288109
7681186
9758719
64253
7126604
9434522
6373309
1193643
4739337
5186847
8578379
744401
2755148
2526715
5644616
8148751
8833128
4490203
3487850
139143
8043670
399646
4396925
1999278
1343240
726229
4923801
9968902
3938990
3999962
766914
4482792
5246843
8339104
8982032
1902197
1581086
4794662
5215675
5867036
5979646
675533
7211432
4725293
6331752
4352160
5048824
6024258
4005057
7647508
9299679
3652735
3297927
4558246
8250105
3176780
9128241
2094216
1764109
4919527
939827
9752688
9773942
3878303
2608024
5180493
2411435
1220969
8916
2972111
2217227
5892070
874063
2806316
1205556
2644900
1380714
3180474
8250617
4206659
5962539
9778097
9106140
1669547
3669293
7091601
8884840
4063246
7819908
9338377
8072711
9098555
8792337
4678884
5903665
1454053
7861184
9912062
2639460
2390686
4556149
9819038
2726574
1516653
6973087
7572667
8531390
6212795
6373543
7816875
6282726
4024115
4511006
445605
9482743
2110487
298553
9844919
5923924
2455666
2682524
7201990
1408906
2126955
5152536
9612869
4034708
6651450
8913202
512665
9693830
4208211
6654907
4760678
2643284
4573453
8253468
3400867
6565195
1291707
5070794
2899660
4588114
3663249
6569913
4050434
7706330
6927306
2371810
8444439
1368728
7529954
681827
4661490
6671484
1012191
2806703
7393373
5053210
1561994
7533833
3256251
1354212
6617031
3050868
5757606
4992731
6711607
2851174
6307749
5629478
7808874
1715679
7869577
8139192
9858712
5483726
8873792
4962775
6035759
5142653
6985965
4184484
1163991
2941942
8689796
743731
7908063
7605605
4544550
8390647
838668
7641492
9447502
930481
190529
3131853
5748731
5670149
9179234
5646505
2424017
5363869
4879688
7621813
5119389
249964
1443673
2285392
1264459
4672740
3633459
8943886
4613962
6809393
9994230
382098
496269
6382598
5603435
415314
6066207
7239538
8457206
3581925
7309135
6882480
8362467
2485317
6977153
7218054
5155190
4631340
28552
7235177
5460707
3949622
1182532
2153208
8728833
3430007
832330
1908174
1064270
9772554
5365488
2831920
5017713
5237087
8178691
4486120
3115893
363766
4948429
8561173
7111742
9928112
7768933
8012347
7424394
7359366
4872820
8645214
2536911
1051014
4366724
6526921
7710996
7241958
3360817
40437
8071315
4281563
6538176
3396533
5896422
6111150
3438166
8933148
8197557
9725269
6809422
2476657
2861199
9271979
2790273
3922261
4835626
4343998
3233039
3765017
4497832
4369848
1203891
6577840
5285486
4113482
4976611
7390511
7671852
5887218
8378020
1768791
4656426
5305357
1306971
9858796
586887
1793662
1156258
5483503
8428795
7151357
9802405
3618791
7785993
5911154
806482
4841463
3059694
7308022
6350955
9043325
228233
2649452
3269093
7239862
1483205
493691
9847251
4706870
7504696
7114842
6036701
6709495
5979117
1446168
5793162
4878283
5829912
1884005
5822965
7892594
1444329
7179405
4128223
323348
7146071
5138451
1882876
7991124
8296649
7078342
8963412
24844
3043271
9602552
4458804
9281521
1242637
9566332
4746109
4544233
8897464
4828131
1101400
5492645
8182695
6028188
2130435
6021748
6602550
6362457
5124950
3635347
9397430
6327909
7994148
1897410
2143833
7017528
5638324
3856866
9653508
6965944
5663262
6041912
4564480
5882442
5732247
3637478
3266219
3550798
2115847
3667038
9460339
3733899
9966073
7804343
6238828
8469484
6005003
7868082
8597292
5965123
5625286
1419796
2721139
2789936
6920097
2444908
5429699
5017777
4081204
8524468
5390198
7512302
6128665
3521910
3397796
5800411
9201975
7044313
1582336
582820
6719829
3889352
2284043
4266416
3697012
7888031
4051842
9962686
5503684
6498659
8321176
3478082
1611043
2433891
2975246
544318
7113636
1131276
4449323
7758553
730533
5870360
8439372
5659252
8433385
6225204
5169586
9954159
1778849
4156553
3929665
611197
7616094
9376372
4228736
3562163
9980668
2243094
4605059
5213434
6054470
7554439
4648304
7633223
7309631
1509603
3088014
9770689
1623504
3819239
4897937
655452
2338099
3688168
9834190
6056202
5630484
7406638
9419152
9666609
3309398
9762971
9114896
6675720
223453
7679324
6662246
4389357
2018305
4842842
3968702
3819731
5648704
1777599
7886364
115779
5084299
2326371
320727
6240212
4509136
9888513
8832926
3549882
7211931
5439522
1812620
806082
109577
2958263
3278858
769112
3537666
745469
7529120
1263784
3870430
8176648
1277183
9471786
9085681
7331268
2322974
8410402
6200854
3777194
6540148
9514898
2046549
2168567
1360681
8817531
1868590
7031548
1726437
4109721
377481
725044
6069066
3308159
3843009
8076609
8266581
7193502
8528709
5619950
6553088
2689680
147163
36530
8742033
9121770
8736268
8618038
9497445
6374813
2836248
5661903
7750446
9562293
4876569
9134231
8192237
7509890
3217722
8729615
7473270
1869495
1354266
72217
3685653
8365254
3011591
7732110
5596748
8369650
5729706
5741027
9524073
113800
7011070
5141419
9788757
4774934
4765621
4435931
9958921
8071720
8275826
5398511
1852666
9224608
4619477
5859334
8998261
5223057
5154759
6478612
6782577
5832988
8999040
8139574
5709836
5373516
1810675
7275159
6976041
6502949
9037238
7725963
3836938
6193710
6466295
245855
5830967
6814637
1280452
9634966
5432086
1962034
8508219
9335933
8431563
2144810
2440668
435283
9179943
1988411
3523122
3640665
6174735
6429262
6804314
4884748
6060509
3722486
5275941
6979618
4215973
9140205
5770159
9355101
3254922
3172648
2557602
3652334
1371041
9254864
6979824
9612351
9929421
9327553
6114225
8687499
2073849
1170331
4414058
2573154
8964038
6409299
1779906
5540795
3353579
4094794
1403084
748197
5692230
4921738
675872
7792472
3958261
8457327
5653560
135650
9358308
9725325
9757700
5829965
1583329
9013527
6520733
7301526
6244132
5446193
9092689
5022079
5069447
4237407
9718509
9339037
1043149
4747788
8127358
5990381
8734165
6139014
6553776
5904399
1783382
6648404
9233534
7253330
7005494
7054782
855781
5591712
7677583
9714985
1985600
5400620
7889967
8631944
5834378
7287499
4023718
9332315
9556148
314959
2060716
740245
8796294
5882861
6803619
8910462
1357808
6316832
9065275
4988812
4279424
5555962
8149086
505552
8313708
3216866
4042728
4954902
2720357
5209400
872508
6658886
5297260
2640668
8724864
6185285
6317576
6900109
9035479
4282639
8726250
1081192
6577708
2998088
2856967
5529052
2796097
4794085
9159233
3373568
3200307
5207455
9096395
7727262
5943653
3154242
5236553
229180
9993381
5653477
169478
991423
2388506
7383652
7415769
9202918
691966
3063848
5590162
323911
7116283
3878925
2128163
5483640
6502382
4639379
2233334
3378538
9778575
5406423
8705863
1818888
1436695
3124258
9084733
2038165
6868275
7280551
249642
1833136
7953169
9728233
1813121
466103
6398004
4801825
853866
3127075
3015203
4864883
5929598
1863965
1952467
5151538
681537
674206
5612052
6238107
7535141
3816226
5178101
7367064
9906371
4881665
45208
4092593
9269619
959010
6147036
7729150
6992613
3428588
4256922
3971035
6366788
8696769
9349676
9930280
1835070
1860669
8734291
1550645
7217719
8862693
6059029
5020497
4686544
8997414
8727616
6351927
4098641
3273080
2781490
2067790
698856
9700595
1837417
7410575
3238500
8427142
5090706
2469595
5906357
4419758
5267780
7841909
26208
551091
6908852
6661473
7531949
7714430
5855786
8503888
2816570
2712920
9175593
3481916
7380010
3573219
7562631
8069295
4745105
8842129
9142406
1089336
7443813
3729001
405300
1639153
113639
5044990
6956070
7225580
7503634
4300755
3111629
5265299
9974544
6682989
5249881
2412508
4814193
6263524
5312467
6608769
1446986
9272442
3837837
1627297
4330723
9087345
2497563
1215279
1735441
871416
9157639
2063383
8943430
7808717
4868769
136602
2573279
5164296
6216393
4398231
2193951
1341873
9259384
761345
661839
2191136
9695702
4216085
2023844
3687042
7204924
249206
7017644
2003511
8899581
2599223
1461158
3837149
9442924
9588991
951462
3173673
5713064
9396767
373201
8717780
2447755
3372379
5573108
2083698
8036843
107298
80697
2270986
4103087
2547195
5083170
6085939
5845670
6507889
2087911
6469087
3908824
6451791
5215221
3096547
2751576
1239357
3261024
6366594
8691551
794611
1352498
8540782
8228914
4988873
1832193
3059582
234533
3701037
9954293
8690270
4999434
6841744
8808275
1194658
639231
1130828
4139895
6515437
4107379
862426
2137823
9030840
8115177
7891244
5935768
5640290
9483004
6924253
6802432
5001914
9216071
6878392
9830705
892251
2587228
5182306
3862546
3383429
8905464
186178
2569925
7085298
2258766
430591
6184274
3402840
588566
8674458
4247983
5740332
113172
2453753
4778984
1785975
8507310
1859915
112016
1505338
9796365
7801905
9359040
6210930
8665901
3194906
423215
8102785
219278
5921474
8202088
3457634
9727401
7070223
4746638
7646324
7558808
1208241
7823986
5653259
26018
226484
6748565
3141682
921704
9893980
8545434
6408880
342871
4631528
9821377
5168184
6947807
3550846
876966
3543323
6991966
4571727
5872387
9103007
9461692
7005780
7483878
6756432
5324051
5591970
1503805
2543369
3820257
4832093
9669445
3050255
7936723
9452532
3942675
6233342
9936378
5238452
2093711
4666087
3734203
9998392
667534
3911967
884427
5055564
2354
5668346
4702053
8352127
8816704
4753849
8688708
1587579
4263334
6956165
9948089
2203841
2925744
1950222
3478070
2520819
3040721
353285
3293308
9734655
149690
4597196
8557729
5811299
5361149
8304623
8060740
7928789
7714058
6645251
6215196
503554
6996167
3703218
3088461
4436903
8877812
1658983
1774297
1237896
2933407
8802914
5641955
9533719
3601606
2644212
1007833
5350134
1364793
7653818
7013190
6653890
1864345
3413761
7825984
7827267
7685251
9140906
8075228
8004329
7963697
7762089
7464948
5859399
1725632
283314
8331629
5805038
9388890
3485897
36456
1616351
5237960
7771674
9102436
2710396
8921234
2521047
2225272
4472314
8768509
9258024
1299726
8506781
6138520
2055522
3318154
1312874
1243726
3267033
5795150
6260129
1662227
3477341
1323168
3042877
6645944
532797
2242400
8269589
9598726
4352878
3118205
6682318
6687039
8678808
4773852
7575019
1466928
2570453
1047044
346169
4047763
3177255
1023419
4077483
7439138
7164706
4644848
3635418
9148829
3526985
3879708
7965431
9969854
8266446
3940766
7524343
5800774
69855
8176478
3134825
6126361
3300646
7585545
6787065
8437846
3394183
5990723
486522
6655890
8343189
4194752
6318050
9780182
4433166
746696
1232915
9093547
447923
9841885
2244542
8553846
8177014
1487894
9748711
9113666
1460180
879203
6479529
1272328
7206214
6720501
2576209
9720499
8971335
385090
909490
5577188
3979534
490069
6404864
1529493
5585885
193827
4578155
3391132
100142
6882634
541477
1177787
623778
1234383
356724
2794727
8987242
1299885
7586545
1231537
6620381
932769
9524155
3986406
6294310
8293827
2285221
5192785
9737565
2381547
3479615
3193517
9038628
4709402
5080687
6481415
9571410
8241
3347428
6811728
9719317
4443948
3447398
647351
1308972
3962336
4206973
7179197
8066734
2865758
560019
6372074
4660393
6400096
6925358
1707608
7854155
8356422
6662715
9842796
2953334
214866
1704992
7391570
987191
7342743
4408055
6256510
817365
9469692
7109353
5999387
337503
611265
1907902
7611534
6052425
909743
46278
2502196
5232135
6024400
1211510
3268644
8976764
2333838
4291673
6876583
8056475
6368969
4306318
7108188
9406823
6106789
8763271
2651040
3830141
2536138
4715307
5157100
5562059
3516027
5670767
504543
4926594
9648896
2063891
59344
6532694
5947066
4947457
1165124
1167058
2492608
4657065
1521991
9762289
7904553
2679734
6937332
8512288
9493201
6642609
5844623
7505216
5083584
8480778
4677277
676731
7299358
1988922
8475155
8110359
2849644
9128996
6699513
7825018
4781090
14206
4743908
7327900
2073479
2428991
4929084
4272857
2015659
2793505
9938588
8985705
9929906
9933523
2872409
8916244
7868764
7650987
783766
3358690
9322628
1982910
3684205
1245319
8915834
5489190
7727506
2665826
9629978
4366983
6665100
6614475
4346378
1879326
116967
2656131
1983971
1412614
7771919
1101889
3604891
4682514
6699176
4157988
2271705
3091718
5273019
1766787
8635813
9438131
9193566
7327263
9467151
6571385
5270464
7702219
7775358
5246162
3766371
8466999
5654208
6601294
4915848
9692168
2191703
434882
4005087
5213575
9653296
6027998
8786194
709432
2500262
5394264
8922471
9998807
5293330
8958575
8030595
8675968
1154192
2365762
6680875
4578226
1903884
7131624
6261940
8368772
1011241
8208565
9211477
5197748
3983249
783286
5486978
3878687
1856233
13042
903633
7749331
2231743
2265425
9594490
7852820
9541987
3572489
1562619
9910217
4807024
3606776
5613742
3474164
2903141
8970408
1681868
6486110
8188869
2075749
5664946
9734013
9992002
4259540
6385225
9765444
3320608
3071679
5993709
4480097
1480535
3712896
9936241
5717915
4215620
3665199
4271746
6799973
4350967
3037834
6558457
2252430
6401933
2220864
9505081
5965206
1452866
8613600
8287326
4375256
6489289
2833291
9582981
4556403
25104
6311828
6196903
6826547
2823841
5256810
2157293
6570220
2242206
6989505
6436669
5644813
1040811
3063857
4869348
8072823
7067760
8153245
782805
3135680
4740263
2433164
1599219
5730360
1665001
7237472
9103691
3944895
6245919
5943029
7156998
4009401
3839509
5658587
6608463
9302546
6718851
9600428
5907245
2358156
4090804
4067851
378331
9773128
1149423
3125840
3432636
8115372
5777082
6591424
2824528
8390282
7660707
2958125
4259266
2826842
8430656
3391809
5787700
1581940
9951566
6817000
6288273
2175239
4891865
5170879
8807560
1622280
2094951
6258501
3168321
3168435
7855793
6749273
787736
538701
2026539
5601383
4563980
7384969
8209933
556646
783940
9963935
261892
9472619
8830164
7997473
1545881
2876794
3231097
4226660
5420351
4120556
9927409
1338312
6392484
4365288
4819541
219692
4421646
1753642
6200227
8798101
1946879
4047196
4656926
9692679
6029852
4447400
1232807
3517872
1455334
722106
6388007
2461629
3602185
8903115
6874627
572517
4163006
2739942
6732615
3063917
9938769
4063608
2209153
7807714
7813136
484643
6444280
8666896
1656078
2808851
8683171
5180455
1191553
1102132
1560614
1305280
8850124
7231752
2932951
2257864
1553208
154564
4077012
4520086
4368720
6626349
2452877
2992645
7642370
1410347
1021215
9887038
6743220
5402206
2469881
4602286
5828152
4513416
7437264
4635383
1377260
9130010
1151870
6758446
3166042
8649375
8797537
4846984
2422955
796807
9527512
8819044
1322450
1959508
5862820
1905727
3858019
6024361
4868965
1841590
3153513
6942177
6937834
461049
8316889
1836524
8565977
337862
6869383
1217141
8335784
7076897
9706782
2962463
4663895
5425065
2086826
6899740
8210812
4806410
8171898
9418830
1903232
2139419
9670683
2635500
7605938
291750
2399418
5169180
9028713
3596626
1959210
3052695
5912023
6998988
2159703
616830
2242921
1549566
6376432
8954546
3153312
3087925
5608234
4589861
5632262
6001835
5842709
365406
5659838
7702854
374431
7058596
635163
4654889
1193528
1582473
7894100
4506211
1795048
4187853
4020211
3710624
8015004
3063078
1807826
6323785
1634809
6892499
3924599
6647966
4483016
7574391
1907159
7634022
196051
7243244
6852225
9264369
5168632
4708837
7852052
7568820
8288305
8796697
2006303
120449
7312845
5316204
3724472
684077
600882
423181
7823069
6832391
417501
2876049
9709313
2345653
3100075
6294961
4903364
2932369
4156587
1096304
747882
7934916
1100452
1928428
4281995
3049943
2009231
3381607
6269729
5596309
9171079
7314421
1669341
4045104
4757688
8154161
7114302
2995469
6156958
1849401
5374338
330172
616003
2078260
1998178
492578
4844896
3977456
5655840
2254121
4294272
8909512
4830855
3172640
5295951
7660150
7015091
1747735
8771533
1928908
3633700
6349626
1423435
8827002
2721032
9686707
6222517
2588834
7316940
2292936
8200063
7843580
4465694
7492527
3722747
2856779
3603825
3725136
2407159
2963857
7098372
5939859
1574657
9613047
7811170
6769760
248707
7827132
8951666
7158522
7417989
7410116
4824950
4493253
7739315
846086
781230
6538250
7174489
4635550
3018982
6006070
877263
3726152
8349332
9028475
3580113
7686430
6758936
2949834
3043618
7346341
8930166
7655396
9122281
5103962
8924576
5251057
1499480
5551423
4141789
6399096
538314
6866067
3301868
1759316
8718715
8216798
6927972
4151779
7487859
2464814
1565707
1295805
369958
6173922
4250841
7707716
6511007
3676930
5660850
7736443
8507995
9102120
3522911
5646959
71688
7210959
81303
4425386
6896833
5463878
4101541
4065262
7885072
9765581
4774558
3419509
7869412
5599927
2441642
4922987
8105381
6751533
3302002
4176170
216000
5805326
3787785
7146653
6825559
9646240
7020275
6507692
6104510
1231038
1300237
9471681
9000593
6501931
5491309
9529254
1004101
6946845
1491786
7544535
6265494
8217622
6101609
3919870
928054
5765897
7771850
5597796
4271962
1776612
326996
7029368
4036555
4204470
3232018
3949109
899115
8961195
7591329
5690002
6307030
6198736
734928
2523523
7970411
8641577
3318622
802280
5378360
2369139
3555444
8721252
5780696
5472592
2949174
6042249
9436710
3478498
4500401
1331526
5312558
1035315
862689
7624721
445445
2318305
4796612
2542218
8006393
8466464
1009500
2219440
1115709
9987695
4050148
9704005
1295402
2490363
5723881
8837074
1911102
8556762
3658925
8382585
5488085
6085464
7277077
4119223
6364068
7462483
582702
8653312
6340887
7157769
1284205
8176715
7766369
2599100
764862
7509179
1537615
7378972
9438063
9452841
4282438
5280491
3102751
4301549
4697882
8733624
1262322
844793
8041158
6176541
2585044
2029347
3269172
2833531
3211455
2071972
7652147
6703406
3409957
8868871
5483434
9793523
9017072
8980757
9197397
8513015
1556612
3976845
1060911
30205
7730227
2409155
86434
6926322
8679884
2355392
4897784
9913775
3946183
8382361
3351029
4077936
2154010
61528
6639708
9687876
2778112
2298048
2178654
3523569
3669558
8939325
1155866
5033043
5645740
8498699
9345879
4406830
6614385
4571285
4156079
5366513
1761809
1510895
6098005
743063
3038992
4813618
5487707
9167315
7152384
4592359
5578721
9995124
9407677
8391443
5210890
5832516
4198359
2102563
608892
2571350
110881
6997915
9080171
2009948
5037880
6219765
8592941
9951501
7213620
9619212
8683155
3458301
5030149
3802073
7834547
6122401
3280952
7204780
9470007
3465607
9294074
2036870
6814661
9408703
6448349
572856
837329
8224900
457125
7664540
3156243
6218284
7885701
5486889
2286595
727133
3818857
7179931
967108
8577683
307411
6721614
7954187
2643005
5443601
8069496
2247639
9536059
7536962
8852239
8988318
4657888
8042249
9737428
1547431
5135405
4425549
8593508
3794897
6466647
9906248
7548354
2935048
6776214
6087715
4063071
2927674
3312126
438612
9771369
1476828
3719834
1624247
3167801
1370157
6076120
7435536
4994000
8497104
7341448
7416717
473430
486790
9694449
5498098
9445544
3602578
1531177
7439704
143929
1370744
19372
3207107
1574258
6497025
848611
18220
8124496
643627
1044524
2934218
4490108
2283789
2581851
1261782
4238486
1061361
6652813
6145534
9743699
9009548
7789682
7593181
2555848
7497768
8669955
899388
9371043
7698880
359121
3310533
6805711
5881690
7599062
754750
7869096
295485
3129612
3947279
916913
3419315
8719991
5407974
3159729
633226
2645629
2938133
9803662
8587701
3901336
8078215
5969298
243398
187911
1389162
9575736
6417524
4964316
9711206
8520075
1376214
6549973
7957133
131624
9262653
7492081
4899764
2697688
9608295
8477706
692264
3982039
5679574
9154739
831669
1094616
5771866
5670880
4561512
3705571
4838530
832542
327607
7300291
4400355
5617395
1973006
3678869
9560788
7822743
7461404
6065927
7990754
8904996
9117650
8794577
8258859
4296046
668891
34256
8773848
5703344
7229844
6851373
5750123
9461452
1661702
8902585
1461532
1595783
9841378
8266335
6671346
1166286
5712433
8442607
3022680
7113518
1453977
3546593
733937
456977
5850019
1934841
6592527
5467539
6362856
9517481
2899716
1651799
7060713
7456443
8518056
1722230
3817423
2938024
3324948
6233026
6018126
2168108
5990781
778154
1475802
553124
7439706
5240456
4681206
53979
6973038
6116768
5597318
8956753
4012179
9010359
105728
6777699
5628503
986595
879073
888989
5886159
6061546
3273145
6689244
7416464
810986
6264219
2502622
8555387
2075332
463775
9195139
5170847
7763339
2709679
2181325
9150360
3165233
9210555
1184188
9420625
1930558
6624901
6763978
1237517
9905557
279271
4626707
156960
6993647
7068824
7637766
2744337
2916738
8050937
4252375
7575384
7961826
9364430
3911933
6216401
8641768
4738383
6337766
3236979
8514694
2787906
2879683
7053864
2964999
3140057
4128210
2265916
275791
8896436
9132818
3847503
4666467
2267171
2340299
3748777
2090586
7239245
3335050
1065058
5661779
3118507
4710964
5922130
2461729
8466765
2234911
1937026
162617
5162004
7906433
8694669
3766071
1859660
3085720
5587491
8759236
8088448
6374532
1040158
6456307
5419653
5626538
8783527
8442821
2853778
6641529
2433942
4313671
896565
7474960
2842315
9716439
1559699
9391214
3233191
8367717
4194805
9160976
5441044
6434587
3516922
180413
3684995
3964974
3178188
5933608
9452845
7779442
5624863
6528713
6755567
7310987
4260552
2176735
5700266
4098854
9840592
7963199
7695242
2849206
1484119
4428552
3416655
8479145
1690848
7929363
2339392
5629522
648274
6465033
8498962
9143431
3197571
9826422
1671993
5233921
5340484
3335875
921555
6076954
4195602
6496459
4643583
9872864
1198673
6442613
973326
9139278
9195473
5941809
3483177
5917418
8677732
4219070
2915819
9043586
5439727
5509060
5915292
8322310
9639402
7576512
2561084
517280
2056971
8298910
2568968
3475060
2878421
9794069
1508459
872701
6815500
1947619
4348192
3728097
9436481
489450
8242311
3871158
6224011
6960229
4148787
2220275
2726543
2007883
1225466
6702230
7214668
3320477
4574756
4962222
3593628
2908643
451619
6112437
3145883
373355
6654524
8851713
2056231
3917000
3259891
1190018
4434529
3023122
2397304
3374665
8729493
265867
587521
5979784
2393392
4141594
6130756
651091
1320171
2159511
400130
7991475
8821307
1185887
844795
7688969
8489047
7971713
3839557
4751732
1282365
970521
768687
8660331
1671020
7913583
8570389
2240243
9441535
4684688
8326817
6675731
9352944
2726126
4405630
9180918
6580452
9432553
2136655
1660674
8015539
1847198
4236808
1996002
1158056
1596213
8896264
5872642
2837180
5439852
3615328
4199706
9993584
4307142
3577432
5907330
1529738
5451488
6900166
7378653
1397931
6811891
9283840
7694736
7882314
9361332
8196974
1795642
1274797
3283267
4746225
2227316
3499907
8032759
7288669
3772225
9241381
2952988
6438582
1084797
8619878
7133395
8555985
5548985
8265404
5616021
7291191
4549711
2143407
3768904
5176083
6723787
5510203
6542070
6230951
8479595
4897174
9239172
3266637
9211913
2998880
6938159
6731305
3969773
3449378
2469811
4219922
1913801
7447974
3615981
4021621
2137516
440533
6234501
8347758
2456264
2053057
8179493
2232390
3409864
3049353
450315
8814467
544309
6197974
1825545
9606554
6792332
7220374
871239
153939
354814
1434495
8269676
3765348
8819507
8923055
6544047
8334813
7481264
7929736
5996901
9980142
3171052
2799075
890390
4277215
6877047
5163927
3269229
9372180
6420807
8612563
4065550
9481750
5243728
7883968
6494640
710559
8945341
7754762
582494
2002004
6724696
8540126
8206415
6696449
6402072
6188673
995844
7464014
3095222
6369821
7373875
6581402
5160863
8332957
3449267
1511424
1522023
9154652
4342827
7112808
4026044
5460185
4552145
8012479
6166409
1679930
1969339
2249021
8696795
423590
7786189
6788081
1163945
9781853
959434
6084685
1168253
1400999
4491710
8983617
6270796
1604985
7003512
7294091
2325837
2986947
3682063
3784070
3926594
8410255
5073628
6726352
8881494
9987144
5218860
5684874
2959569
8276598
3826568
3469691
8114577
9021863
7635177
4127933
9183304
7049689
5072078
2184491
1949233
2566356
9024167
1386696
7903547
7418966
3903117
4977181
6679976
3959402
4510993
1706156
7871804
5521125
4253586
6866455
972931
8797362
8121375
5071108
7373202
5173224
4039356
5094711
3500228
3948794
4920723
9023761
4336069
3148169
8324942
852632
1359186
2736662
5653334
5189682
7991950
2694806
9797345
2174348
4631870
6995516
5665739
4810419
306984
9643980
9229932
1794933
4655672
3554498
1663802
3728625
261634
5415043
4647853
6142239
6105558
8092422
4620966
9660393
6553817
2966869
9830601
90587
1912792
7332303
7302506
8607396
7296328
7267412
85793
8355137
9925553
155183
8993986
7992814
9875493
5282596
289333
7612970
9769057
4186264
7527592
1544004
2491939
518678
9401824
9039477
5217669
4401638
2878982
8898713
6719447
264703
7223625
7004669
5956343
6303613
3404760
8297989
6584309
9485836
4707197
6061893
2256579
6904142
9577616
9873892
982731
4173994
8430094
8655827
8691368
9374705
811233
7514096
484747
8929432
9409750
2443099
4416062
9814363
2214181
4091023
6313468
1882046
1880289
2543431
741249
1050691
4713240
1664617
9273741
2244462
3258537
7462533
2443802
5652969
7919707
8127332
2967770
4187479
9915279
1246604
3070055
6147116
3289490
88762
9482168
811803
7024623
3086462
6395741
8304027
2661
612150
462428
7039019
5582585
8791103
7391975
8748528
1720923
7538516
3569291
2570191
4351450
7798501
1240914
4121374
6413767
1825450
3386987
8336077
7010468
918451
3697427
7210451
1973936
7759276
5892580
8457801
2731476
4224684
5172292
9160057
4550302
169612
9274047
1699686
9438910
5193053
9240774
8857647
4853774
3796867
7029180
8820184
726908
2147198
2788198
4895787
6867440
8943247
6858633
692444
3220981
5805692
9038069
2085673
8594751
9113228
1270125
8839434
9582697
4969976
6447072
6136071
9075260
9924043
8680561
2908555
6016876
6377309
8709413
3445518
3654188
2883150
5832988
6816783
4115939
6898844
4063910
2377216
6430421
9185969
9755540
3812949
7315793
8238826
1285437
8367302
4014590
1151467
9534937
8238101
3557880
5966968
5358969
4812814
8796856
1895642
5590090
4047345
13174
8147436
9504685
1340288
3395726
2835764
4567413
8828969
7136323
3968804
444418
908969
3029391
1860897
2661043
4135081
7643899
1103761
2282281
3028974
6314976
5896744
9073606
7973739
2425629
8346128
9711259
1168339
1344932
7284999
6793042
8931063
5775732
8474617
2707423
8357698
9603660
772613
4037141
7493006
9047133
7009005
2156685
6694170
768851
2704252
8119474
3978231
5440732
3418157
2972383
265042
5984279
1354660
682805
9401640
2110939
7600122
3264609
439811
3406871
4447520
4653782
1043575
2477443
9833065
9233816
4715895
333906
6859591
3409714
9931757
4109869
4622201
2259805
8659068
1660571
5206444
328110
7778129
9766136
6432471
8505439
4920835
8719597
233442
2512409
3959825
2144662
5089700
6253354
6710551
1729387
7710694
4537255
4148752
4631849
7953431
2923269
3147318
4233946
723712
7489251
2948599
3480038
7644595
3045364
1393392
6979171
3161837
640178
6439034
5976033
7537573
530485
5144490
957558
7396141
5336370
9724530
2796245
9889164
1153937
5568746
616209
3895389
162087
5673725
3230491
5361871
5848954
3306186
7008100
28446
541092
647835
6350326
4482181
2282660
4284562
3637499
9696718
2437125
8634319
145852
3763122
9922398
7772338
6711622
6786158
482393
7846762
6899948
9901209
7720717
4870428
4150307
1580234
8833635
972699
912611
587442
6548897
6929511
5107017
7764834
8349124
6258989
2784236
2583251
2450892
4359869
7752422
2322152
5604532
5133289
9564708
2586007
3918337
1586408
4541670
7114936
3976319
3311872
1772515
8713093
7740938
737559
254986
6463480
9197574
7587742
6665524
7066414
513054
510870
6791045
6867384
5683770
3662290
3474646
8248444
9469023
1001485
1031672
2692823
2794404
3998193
3898238
2895648
1515608
2823342
8705559
4232067
1392400
5957115
9109154
4924488
9041886
3196667
6456817
7425097
2976976
3666026
6787266
3062950
848256
7589610
8534312
5749848
4921268
1148547
1386764
1085976
4062801
2456680
245410
1347251
8065752
8317258
1274573
8687889
483364
3332445
4042349
1458351
999751
5395501
6780476
5807925
3846871
9705539
291623
3276742
7687234
82783
6430152
4583583
5913625
511197
1043488
5250970
1989353
226974
5356026
3137875
9789028
7258025
2683347
4183064
1688131
1710522
7683066
9578486
8581708
6793906
8059132
5016222
3021881
1179885
9078589
3829930
234302
7739739
862063
6072747
5730089
5444855
8302429
6912935
1858424
1213629
2284810
2574442
9869068
2294365
2891213
7790663
5303751
4137655
159363
8576269
2641956
7148112
3585630
63882
8550770
6676031
5642945
8647107
149029
3880073
8709282
1335165
7980520
9458859
7909932
579608
8943399
7977894
5492825
1253582
5042829
2079715
1724958
2260821
6214528
3093038
6254354
3513245
3301026
4558744
9482838
7278209
1840144
7072951
5591793
4458186
3023356
3448731
3340417
8140998
5904150
8153782
8839239
4185267
7465824
3148591
805850
5877530
1681047
4058402
1483445
203007
8013509
7777586
6325214
9750976
8094175
7255309
7922972
3557040
8600292
6141273
2844772
9485077
1098443
5394949
9110161
5420814
2863757
4030238
2621634
5050503
7297967
1177029
6819135
5267161
8875634
8723175
7220852
7695508
3915327
4665618
6173896
4899593
8568257
5230109
4627559
7190260
6242555
5321972
9649333
7832081
2690854
7604246
1708375
7994475
8211252
6506603
1132455
3377934
2226951
1950680
9072688
3864953
5070404
6873566
522707
9476225
3255484
1223643
7776227
3467026
4037757
1371866
6275575
1354508
2718451
6412830
6629720
3504342
6977462
2390643
7105018
3598134
3980889
2675884
7679144
4491227
9285742
8373166
4802674
309241
8208708
7926758
7889860
4588524
3441739
4854639
8817498
6802830
5747821
9976798
8916588
8441324
5693690
6235510
8728189
2706244
8670180
2423321
6942524
5734719
1442501
7312327
5399338
6968677
2781744
568873
9510640
731467
9076193
6446223
4878850
6573199
1221138
4842503
777421
1226027
3182296
8157022
9543261
2089967
1516230
7777731
4356620
8140512
2490935
3779387
7833899
5733311
7305520
3839880
2867324
373352
257446
830547
4865483
4550533
8113564
800800
9443675
6547561
967422
2584458
6839380
1625170
840982
9183251
9455483
3914643
4393690
7199407
3193368
2921884
128401
9245125
3083272
2569155
7275817
8973284
4630133
2879363
5182083
5999360
2237750
3098947
3733882
4572270
882458
3923200
7157667
8150786
5202813
7534967
7489935
8757865
8715312
1164591
2309735
2328627
8325724
9032148
1838974
4818514
9338563
5612246
8122505
9331214
6220483
4498422
2609939
5754663
7127704
2718579
3120919
3631943
2019160
6106841
277521
8072709
3275594
9796658
4202628
6426062
9115679
9101431
1303425
37690
3348103
961442
7874427
2508254
6116776
266839
1212080
9798518
4544158
5829299
4095665
7446253
4908538
6325860
3709245
2740845
6512235
4841138
5292621
8791167
2596644
5228152
4923448
4824767
7042687
997488
3262271
2761563
9465858
3048448
8168640
6046025
9504997
8864884
1737074
8193674
2679836
4994398
4358360
2025872
3156206
1324051
6092152
6106164
5951193
2668155
7611941
5454627
3098286
3560453
7403843
7977669
8403017
6232708
7115594
2557357
5663782
5426466
8307472
6130032
2057588
7308749
6774319
4461991
3389486
3316735
6342121
7197677
6060895
6371291
165393
7275430
57512
928916
115677
136798
1990846
6885315
2175613
4243795
7134413
6178927
4507156
6095506
4085
3162834
365990
8994961
2461192
5539977
2754894
6419537
9358232
8381799
6622017
7570642
3000287
8211476
3337088
5447252
1788887
299854
242800
6287599
9292784
2271263
2729758
2265348
2411137
5511123
2965339
3176695
7084782
3086437
4655570
2347408
9863130
5814973
6039221
6909385
294164
6952406
1915708
778974
467654
9858576
4947669
5349146
2116399
3323932
5875565
3440099
5283211
2810142
1813295
9756629
3258669
7967862
1614526
7205783
6681304
8961305
3900493
6844833
5280115
3746910
6811042
2970585
2894112
6620522
7292894
293008
3948558
3322041
1090234
6319182
606691
9916745
4027256
7036722
8925702
8898057
2904850
1298123
8986775
9927634
2062074
8638499
1722589
8435379
3886056
6821112
8406041
2950918
8389495
8779957
9539282
7480702
5009585
3100416
4305162
1278646
3045836
8703815
2782616
9710550
1109788
6667940
3786833
5835885
3565023
400444
9467015
2519805
1354857
9205048
6580738
751942
117079
5441888
801586
2022777
8224671
6926986
5982583
9490019
7228857
7739186
6365952
6043316
7909532
4348326
8271757
5869941
5854946
5034481
2222795
2353809
5909009
2332576
8936902
5087109
9659992
8870821
2019257
1599418
973888
2509362
3616002
4096026
3015221
5021941
8788442
7928205
5782337
6640815
5791112
9884032
5846739
6252992
1950682
3835237
9640223
6578225
7829440
6109923
8281036
707025
7555309
6156237
2845803
7977254
1165489
417938
6603036
8165338
4561778
7035066
4493715
8725879
7832193
2019993
4580094
6822620
6145796
1737488
8028306
3036144
3501120
2145557
3807620
3477548
8586763
2574964
5200032
4622756
7640208
3615826
8535139
4217991
3027320
4847577
867056
5266462
1225620
9478408
7168820
6886468
2416351
6080687
421842
3145883
4000224
7215074
6114801
7426679
7982957
2663767
5872063
632698
7525553
137873
4408386
6332493
3339571
7099935
1172270
7028811
2383235
6356636
3181171
206343
5129809
8844665
6926803
5799409
6988267
4253565
687499
3979930
9185779
6227417
9804303
9187539
5962216
70984
1364224
5634949
6259984
4363918
2170875
5581701
4837432
4266567
9030324
466206
7606919
8311934
1705124
8699060
9437206
8641986
6356887
7077865
9953572
8246165
1774544
3921481
3393376
2193884
6716461
2202274
192617
5162718
1654631
6503389
2464524
2408343
7896104
1026796
5738223
6379060
1239467
6937885
3134372
4164863
235633
9857967
2658077
6840726
7835976
4205234
1724100
5164717
9815510
5815208
1913320
5545188
1102366
488877
4278004
1539348
5515835
2242219
9312765
8600972
8479471
5946457
3807243
7654672
1986963
261571
6864929
5637833
2135262
1710828
8372243
5432404
7699233
6686740
1482508
2070680
1212986
4822982
7245439
6657696
2253393
4508694
8312627
9482907
409271
3180237
2717358
7563615
2979344
3285055
8679061
5150871
9379281
5456974
4132762
3532202
448819
9243344
1716101
6804733
1050540
3196359
2276521
8250303
3642249
9150021
2286598
571586
8478108
9005554
2944734
8776524
1973481
8551500
3263661
9796570
214264
9962865
9588129
9912279
5298919
4035442
6093742
1334931
6977322
1806448
5396968
9060063
2852078
1198351
9942579
4522297
7891099
9501365
9978201
6878328
3736116
7235254
9508303
2124002
7921202
4938366
9190101
2584853
7502963
1308660
6654570
5774540
9492585
1739834
8267117
2578676
1281099
7714619
349823
794075
9370380
9991237
702263
2510166
8670361
878746
9537165
6674958
7147398
3886623
9853089
4273799
7259355
1315547
6991571
8089543
7026706
9130792
5031693
4415049
7532747
2564914
7005454
2973100
7587410
177056
4356192
513664
5816354
4465025
476195
3632076
5472227
1542610
376919
9849004
5648184
6937130
4746486
5991655
3684329
2219226
7658088
1651493
7126571
7560030
6801683
4999757
9714888
2275162
2312044
4518224
4377171
8340293
8528735
3899730
7170263
1506607
4619435
4211203
2119713
825294
5267615
3609076
7888922
1920877
6975681
6236868
4392260
9658902
356595
6729341
2531476
9109448
187472
9022614
6317068
2716830
4767413
5873386
2313842
8606826
4979716
5687394
1982701
3894298
1293892
7468471
7935272
4895274
3432274
1436284
1626224
8499262
5249334
6985787
5347452
5589063
4736142
4745673
1694243
9466942
8319864
787291
8372170
2723901
6373896
6809418
7474433
6714547
6550588
6166983
3150675
2332961
8918077
751590
1455675
9164419
1138539
4290320
9231217
8311632
5037066
2897454
4719876
9087438
3099345
3812548
3530976
1038938
4989751
5452592
7025885
2535766
9594910
968546
5258396
1582213
3178844
609001
6154366
1822869
6210778
8684748
6907741
8311230
8507122
3133533
8610716
9130971
9870303
8514845
7325476
1576151
7765229
4818628
5283286
2266429
3618461
8138268
3552614
7337148
4149657
2064620
6336171
2367498
2560045
7758929
506946
8576073
1709313
3417854
9460687
4253320
3437357
6990024
9242224
2155671
935941
6121394
2432025
9404160
7333043
3914725
2942358
889890
558267
6029144
6908534
1379912
2169421
5141446
7941520
9320204
5444442
6401940
2224170
1716676
2317073
7387175
1498381
8475615
1772264
3288577
3350446
5916754
4426086
4186587
2671686
1376217
1245913
6655801
6301255
3800584
8377302
1851985
7438112
8115146
9334418
3023099
5622499
6730063
1893538
8426473
812347
4263705
6468755
5029185
562684
3331021
7047658
6409609
8299211
7393466
8575228
5427935
812348
5085459
4192947
6245678
6075706
6009601
3692308
3217256
6046157
7471239
3151350
9086834
2090937
9528040
6950107
9031345
5794413
8863065
1530636
6885067
9019844
4843148
4110006
9917731
108716
516660
6948709
6644026
6946362
6274875
9376277
8060634
5446114
7839106
4973711
9651733
4416441
1634012
6466985
6896713
1220113
1788272
9612398
2091803
9159893
1986069
466605
8792412
1427333
8816893
1187324
280212
7029041
2976194
2958400
1609770
9694766
2752009
1940707
4583274
3776718
1474808
7212305
4170640
3176906
7986943
1750239
3508679
7450576
1675615
3948274
3461190
5702565
8756650
849810
1342997
5331631
339683
6900256
749040
7921545
5989078
5217565
8742105
9650823
3426057
9393518
6356444
374059
2410459
174945
6367956
4720318
1058458
9142607
1843632
6899592
8720719
764626
7951787
6759055
3567221
6831089
708936
6544810
8618360
9690204
9399772
8941913
6407335
4455947
8848924
415903
8311359
4164711
1515031
2672075
6115001
5734015
7625738
6123897
2176964
3081568
5151908
9138282
9750491
5032226
1197623
9570217
3317477
742579
7198774
9825005
5088058
465150
1288929
5360137
9352356
8951714
4084717
8842428
7148464
8288057
704306
4399573
4593712
7243023
9223994
2835325
3650277
7574628
3705371
4324176
326538
8171286
9107240
7808895
2432227
4057606
7321301
1668927
5847054
2040284
1644037
5820589
8390201
7591569
2245649
1093642
8816532
8173720
8153338
5406727
5864066
7482230
4145606
5311775
5743413
6748552
2793554
2865248
8451345
1109848
9923707
6517201
5604079
7491487
3098626
1188450
800204
7665316
2647762
215116
2653915
4052341
2081736
5516327
734817
6804697
963395
1681573
391315
6856199
7375687
9386271
926719
2389196
708697
3390392
6411263
7346693
3677638
8815011
544781
4666492
7692426
4628799
1366139
4607572
3510829
6615438
3792978
888347
3625981
5092100
3738717
2724655
3330767
8564687
5357014
4418091
8487543
3008893
5764112
5919122
916957
299625
6692653
9929563
6123026
9185186
5040740
1823376
2897853
3172171
2206800
9995179
2489426
9411857
1007100
7238575
3798738
7233097
1637862
9422755
330413
