4526310
3567271
8980489
6050735
9509988
1083374
6749592
3032538
5370159
1408769
4384754
7999754
4335341
4365092
2192653
8621258
1163664
4783336
3217371
8274944
236809
1239788
7625268
8172465
5276557
4343315
7451059
8937481
904243
6466175
8809998
2496082
8327052
5901039
5252330
2367405
2207810
5817072
3581285
7350016
597012
2326544
6849776
7439949
5776572
980166
6443361
4880715
1186507
2991795
3218984
2873438
4683796
3110972
7786798
795966
7464487
816113
7898761
7139570
5553169
7925707
6574110
3720547
7850316
5485602
5132574
4722191
1070562
8331463
3065123
6171762
6293212
6534197
8719501
7449723
8001589
8681792
7501162
3280910
9682906
2322158
2756813
7810449
8141001
4837473
845788
3612362
5273592
4077062
5669065
7464897
8377954
7896745
9080342
8310916
9719426
8377519
4784330
3273918
6586353
6678402
8622369
1051606
3636874
9521388
2274791
4876917
8668843
1057499
2443500
562522
8614028
7752255
7377240
8507811
7160543
625139
4394460
386907
9840421
5579762
51294
206644
8645678
6497591
2179539
6966945
9131379
513331
3265941
4701937
7971966
8812273
801886
8297483
9573965
6939313
1708284
1107832
6542796
3008243
1485224
287582
5950720
4091608
3945377
5112398
1273283
9867907
8985942
2420761
5292807
3906078
6548280
3255275
5509351
8197569
6373922
2788129
3334870
3493967
9822980
3747600
9097440
3110419
8990322
9982258
6778282
8455094
8768569
4123842
1563078
63497
3828751
3089868
1305628
2292742
2505898
7671178
8249228
4279908
2852006
3335659
8271456
827687
6710072
7894286
9744153
6305114
7563059
5980396
2564889
8366091
2531944
237518
5140856
5560580
1149121
4779505
9203935
6858126
6629616
8540367
3827910
4632435
5948028
7974907
4213014
9641320
1536355
5541686
1003769
1665818
9938272
118092
5911237
3890728
4786300
7473724
4280538
5585785
5067178
1695787
2020000
2378801
7311197
7888295
7265211
4624576
6760013
7053603
3824697
8689353
6700667
4743854
6560924
946736
914745
3707244
9850838
6971085
5045217
8028124
5774294
8377099
4021893
4365537
4585430
9309887
7723949
6302745
5563075
2023057
8254717
2013266
6509848
9247925
8990108
6166467
2785020
5526757
7157913
6218572
2884862
9024222
7913865
1820970
4000894
6116347
7444700
2409771
6711628
474964
4917877
3458803
5604371
362208
9210978
632696
5496063
2240619
604120
3257243
4890641
8345648
3437702
6676454
4112334
1734785
8088944
8404757
99922
1494356
2889306
6384096
793580
3496824
3245610
1114508
7581128
7013686
5419079
8910379
2867124
1563329
6416011
7251740
976612
1727759
521001
2943388
7733442
5932226
1325776
4189800
511059
6538446
4430242
1170312
8403472
7201163
5607894
283654
2480929
939737
5325385
9527850
4961323
3451407
3293221
9954612
1288109
7681186
9758719
64253
7126604
9434522
6373309
1193643
4739337
5186847
8578379
744401
2755148
2526715
5644616
8148751
8833128
4490203
3487850
139143
8043670
399646
4396925
1999278
1343240
726229
4923801
9968902
3938990
3999962
766914
4482792
5246843
8339104
8982032
1902197
1581086
4794662
5215675
5867036
5979646
675533
7211432
4725293
6331752
4352160
5048824
6024258
4005057
7647508
9299679
3652735
3297927
4558246
8250105
3176780
9128241
2094216
1764109
4919527
939827
9752688
9773942
3878303
2608024
5180493
2411435
1220969
8916
2972111
2217227
5892070
874063
2806316
1205556
2644900
1380714
3180474
8250617
4206659
5962539
9778097
9106140
1669547
3669293
7091601
8884840
4063246
7819908
9338377
8072711
9098555
8792337
4678884
5903665
1454053
7861184
9912062
2639460
2390686
4556149
9819038
2726574
1516653
6973087
7572667
8531390
6212795
6373543
7816875
6282726
4024115
4511006
445605
9482743
2110487
298553
9844919
5923924
2455666
2682524
7201990
1408906
2126955
5152536
9612869
4034708
6651450
8913202
512665
9693830
4208211
6654907
4760678
2643284
4573453
8253468
3400867
6565195
1291707
5070794
2899660
4588114
3663249
6569913
4050434
7706330
6927306
2371810
8444439
1368728
7529954
681827
4661490
6671484
1012191
2806703
7393373
5053210
1561994
7533833
3256251
1354212
6617031
3050868
5757606
4992731
6711607
