EN605.202.81 Data Structures, Spring 2017, Lab #4
Submitted by Tom Atwood, May 2, 2017

Processing time for the sort to be run: 376707 ns

Results:
0
2
4
8
8
13
16
19
20
25
25
29
29
32
35
36
38
39
42
44
49
50
56
59
72
77
78
82
85
86
87
87
88
90
90
91
92
92
93
95
102
104
105
106
106
109
111
111
113
114
115
120
120
120
120
121
121
124
124
126
131
135
136
137
140
141
142
144
144
144
146
153
154
154
155
161
166
167
168
173
173
173
174
175
179
181
182
190
192
202
207
208
210
213
216
218
219
219
222
226
228
230
232
232
237
237
238
240
243
246
247
248
248
248
251
257
266
270
273
275
276
278
281
281
283
284
286
290
292
294
296
298
301
304
305
305
309
312
315
318
321
328
329
330
330
330
331
336
337
338
342
342
346
347
348
348
352
353
354
354
356
357
358
359
359
360
361
364
368
368
369
371
372
373
378
380
381
382
383
388
388
390
390
392
392
393
395
395
395
396
397
400
400
402
403
403
406
408
415
417
421
421
424
426
427
428
428
432
435
437
442
448
455
456
456
461
461
463
466
468
469
470
472
473
477
478
480
482
482
482
482
484
487
491
494
498
500
502
503
503
504
506
508
508
509
510
510
511
514
515
516
516
516
517
519
519
522
523
524
527
528
528
529
531
533
534
537
538
541
541
542
543
545
546
548
549
552
555
555
555
555
557
557
558
560
561
562
562
562
567
570
572
573
574
574
576
578
578
580
583
584
584
585
589
591
593
594
600
606
607
607
608
611
611
611
614
614
617
623
624
625
626
627
629
635
636
639
640
640
641
641
642
642
643
644
649
649
650
654
656
656
657
657
661
661
662
662
663
663
667
672
673
673
674
674
684
685
686
689
693
694
697
699
703
703
712
713
716
722
722
726
727
730
734
741
743
746
751
755
757
757
760
763
766
767
769
773
775
775
777
778
779
780
780
781
783
784
786
788
788
790
792
796
796
798
799
802
805
810
812
812
813
813
814
815
823
826
829
831
835
837
837
840
840
842
844
845
850
850
850
854
855
859
863
869
873
874
875
875
877
878
879
882
884
886
886
892
892
893
896
897
899
901
903
905
906
908
910
912
914
916
916
919
919
920
921
925
926
927
929
930
931
932
934
936
937
940
945
953
956
957
959
961
961
963
963
963
970
970
973
973
977
979
980
981
982
982
987
991
993
