EN605.202.81 Data Structures, Spring 2017, Lab #4
Submitted by Tom Atwood, May 2, 2017

Processing time for the sort to be run: 385459 ns

Results:
8916
51294
63497
64253
99922
118092
139143
206644
236809
237518
283654
287582
298553
362208
386907
399646
445605
474964
511059
512665
513331
521001
562522
597012
604120
625139
632696
675533
681827
726229
744401
766914
793580
795966
801886
816113
827687
845788
874063
904243
914745
939737
939827
946736
976612
980166
1003769
1012191
1051606
1057499
1070562
1083374
1107832
1114508
1149121
1163664
1170312
1186507
1193643
1205556
1220969
1239788
1273283
1288109
1291707
1305628
1325776
1343240
1354212
1368728
1380714
1408769
1408906
1454053
1485224
1494356
1516653
1536355
1561994
1563078
1563329
1581086
1665818
1669547
1695787
1708284
1727759
1734785
1764109
1820970
1902197
1999278
2013266
2020000
2023057
2094216
2110487
2126955
2179539
2192653
2207810
2217227
2240619
2274791
2292742
2322158
2326544
2367405
2371810
2378801
2390686
2409771
2411435
2420761
2443500
2455666
2480929
2496082
2505898
2526715
2531944
2564889
2608024
2639460
2643284
2644900
2682524
2726574
2755148
2756813
2785020
2788129
2806316
2806703
2852006
2867124
2873438
2884862
2889306
2899660
2943388
2972111
2991795
3008243
3032538
3050868
3065123
3089868
3110419
3110972
3176780
3180474
3217371
3218984
3245610
3255275
3256251
3257243
3265941
3273918
3280910
3293221
3297927
3334870
3335659
3400867
3437702
3451407
3458803
3487850
3493967
3496824
3567271
3581285
3612362
3636874
3652735
3663249
3669293
3707244
3720547
3747600
3824697
3827910
3828751
3878303
3890728
3906078
3938990
3945377
3999962
4000894
4005057
4021893
4024115
4034708
4050434
4063246
4077062
4091608
4112334
4123842
4189800
4206659
4208211
4213014
4279908
4280538
4335341
4343315
4352160
4365092
4365537
4384754
4394460
4396925
4430242
4482792
4490203
4511006
4526310
4556149
4558246
4573453
4585430
4588114
4624576
4632435
4661490
4678884
4683796
4701937
4722191
4725293
4739337
4743854
4760678
4779505
4783336
4784330
4786300
4794662
4837473
4876917
4880715
4890641
4917877
4919527
4923801
4961323
4992731
5045217
5048824
5053210
5067178
5070794
5112398
5132574
5140856
5152536
5180493
5186847
5215675
5246843
5252330
5273592
5276557
5292807
5325385
5370159
5419079
5485602
5496063
5509351
5526757
5541686
5553169
5560580
5563075
5579762
5585785
5604371
5607894
5644616
5669065
5757606
5774294
5776572
5817072
5867036
5892070
5901039
5903665
5911237
5923924
5932226
5948028
5950720
5962539
5979646
5980396
6024258
6050735
6116347
6166467
6171762
6212795
6218572
6282726
6293212
6302745
6305114
6331752
6373309
6373543
6373922
6384096
6416011
6443361
6466175
6497591
6509848
6534197
6538446
6542796
6548280
6560924
6565195
6569913
6574110
6586353
6617031
6629616
6651450
6654907
6671484
6676454
6678402
6700667
6710072
6711607
6711628
6749592
6760013
6778282
6849776
6858126
6927306
6939313
6966945
6971085
6973087
7013686
7053603
7091601
7126604
7139570
7157913
7160543
7201163
7201990
7211432
7251740
7265211
7311197
7350016
7377240
7393373
7439949
7444700
7449723
7451059
7464487
7464897
7473724
7501162
7529954
7533833
7563059
7572667
7581128
7625268
7647508
7671178
7681186
7706330
7723949
7733442
7752255
7786798
7810449
7816875
7819908
7850316
7861184
7888295
7894286
7896745
7898761
7913865
7925707
7971966
7974907
7999754
8001589
8028124
8043670
8072711
8088944
8141001
8148751
8172465
8197569
8249228
8250105
8250617
8253468
8254717
8271456
8274944
8297483
8310916
8327052
8331463
8339104
8345648
8366091
8377099
8377519
8377954
8403472
8404757
8444439
8455094
8507811
8531390
8540367
8578379
8614028
8621258
8622369
8645678
8668843
8681792
8689353
8719501
8768569
8792337
8809998
8812273
8833128
8884840
8910379
8913202
8937481
8980489
8982032
8985942
8990108
8990322
9024222
9080342
9097440
9098555
9106140
9128241
9131379
9203935
9210978
9247925
9299679
9309887
9338377
9434522
9482743
9509988
9521388
9527850
9573965
9612869
9641320
9682906
9693830
9719426
9744153
9752688
9758719
9773942
9778097
9819038
9822980
9840421
9844919
9850838
9867907
9912062
9938272
9954612
9968902
9982258
