EN605.202.81 Data Structures, Spring 2017, Lab #4
Submitted by Tom Atwood, May 2, 2017

Processing time for the sort to be run: 5054004 ns

Results:
8916
24844
28552
36530
40437
51294
63497
64253
72217
99922
109577
113800
115779
118092
139143
147163
190529
206644
223453
228233
236809
237518
245855
249964
283654
287582
298553
320727
323348
362208
363766
377481
382098
386907
399646
415314
435283
445605
474964
493691
496269
511059
512665
513331
521001
544318
562522
582820
586887
597012
604120
611197
625139
632696
655452
675533
681827
725044
726229
730533
743731
744401
745469
766914
769112
793580
795966
801886
806082
806482
816113
827687
832330
838668
845788
874063
904243
914745
930481
939737
939827
946736
976612
980166
1003769
1012191
1051014
1051606
1057499
1064270
1070562
1083374
1101400
1107832
1114508
1131276
1149121
1156258
1163664
1163991
1170312
1170331
1182532
1186507
1193643
1203891
1205556
1220969
1239788
1242637
1263784
1264459
1273283
1277183
1280452
1288109
1291707
1305628
1306971
1325776
1343240
1354212
1354266
1360681
1368728
1371041
1380714
1408769
1408906
1419796
1443673
1444329
1446168
1454053
1483205
1485224
1494356
1509603
1516653
1536355
1561994
1563078
1563329
1581086
1582336
1611043
1623504
1665818
1669547
1695787
1708284
1715679
1726437
1727759
1734785
1764109
1768791
1777599
1778849
1779906
1793662
1810675
1812620
1820970
1852666
1868590
1869495
1882876
1884005
1897410
1902197
1908174
1962034
1988411
1999278
2013266
2018305
2020000
2023057
2046549
2073849
2094216
2110487
2115847
2126955
2130435
2143833
2144810
2153208
2168567
2179539
2192653
2207810
2217227
2240619
2243094
2274791
2284043
2285392
2292742
2322158
2322974
2326371
2326544
2338099
2367405
2371810
2378801
2390686
2409771
2411435
2420761
2424017
2433891
2440668
2443500
2444908
2455666
2476657
2480929
2485317
2496082
2505898
2526715
2531944
2536911
2557602
2564889
2573154
2608024
2639460
2643284
2644900
2649452
2682524
2689680
2721139
2726574
2755148
2756813
2785020
2788129
2789936
2790273
2806316
2806703
2831920
2836248
2851174
2852006
2861199
2867124
2873438
2884862
2889306
2899660
2941942
2943388
2958263
2972111
2975246
2991795
3008243
3011591
3032538
3043271
3050868
3059694
3065123
3088014
3089868
3110419
3110972
3115893
3131853
3172648
3176780
3180474
3217371
3217722
3218984
3233039
3245610
3254922
3255275
3256251
3257243
3265941
3266219
3269093
3273918
3278858
3280910
3293221
3297927
3308159
3309398
3334870
3335659
3353579
3360817
3396533
3397796
3400867
3430007
3437702
3438166
3451407
3458803
3478082
3487850
3493967
3496824
3521910
3523122
3537666
3549882
3550798
3562163
3567271
3581285
3581925
3612362
3618791
3633459
3635347
3636874
3637478
3640665
3652334
3652735
3663249
3667038
3669293
3685653
3688168
3697012
3707244
3720547
3722486
3733899
3747600
3765017
3777194
3819239
3819731
3824697
3827910
3828751
3836938
3843009
3856866
3870430
3878303
3889352
3890728
3906078
3922261
3929665
3938990
3945377
3949622
3968702
3999962
4000894
4005057
4021893
4024115
4034708
4050434
4051842
4063246
4077062
4081204
4091608
4109721
4112334
4113482
4123842
4128223
4156553
4184484
4189800
4206659
4208211
4213014
4215973
4228736
4266416
4279908
4280538
4281563
4335341
4343315
4343998
4352160
4365092
4365537
4366724
4369848
4384754
4389357
4394460
4396925
4414058
4430242
4435931
4449323
4458804
4482792
4486120
4490203
4497832
4509136
4511006
4526310
4544233
4544550
4556149
4558246
4564480
4573453
4585430
4588114
4605059
4613962
4619477
4624576
4631340
4632435
4648304
4656426
4661490
4672740
4678884
4683796
4701937
4706870
4722191
4725293
4739337
4743854
4746109
4760678
4765621
4774934
4779505
4783336
4784330
4786300
4794662
4828131
4835626
4837473
4841463
4842842
4872820
4876569
4876917
4878283
4879688
4880715
4884748
4890641
4897937
4917877
4919527
4923801
4948429
4961323
4962775
4976611
4992731
5017713
5017777
5045217
5048824
5053210
5067178
5070794
5084299
5112398
5119389
5124950
5132574
5138451
5140856
5141419
5142653
5152536
5154759
5155190
5169586
5180493
5186847
5213434
5215675
5223057
5237087
5246843
5252330
5273592
5275941
5276557
5285486
5292807
5305357
5325385
5363869
5365488
5370159
5373516
5390198
5398511
5419079
5429699
5432086
5439522
5460707
5483503
5483726
5485602
5492645
5496063
5503684
5509351
5526757
5540795
5541686
5553169
5560580
5563075
5579762
5585785
5596748
5603435
5604371
5607894
5619950
5625286
5629478
5630484
5638324
5644616
5646505
5648704
5659252
5661903
5663262
5669065
5670149
5709836
5729706
5732247
5741027
5748731
5757606
5770159
5774294
5776572
5793162
5800411
5817072
5822965
5829912
5830967
5832988
5859334
5867036
5870360
5882442
5887218
5892070
5896422
5901039
5903665
5911154
5911237
5923924
5932226
5948028
5950720
5962539
5965123
5979117
5979646
5980396
6005003
6021748
6024258
6028188
6035759
6036701
6041912
6050735
6054470
6056202
6060509
6066207
6069066
6111150
6114225
6116347
6128665
6166467
6171762
6174735
6193710
6200854
6212795
6218572
6225204
6238828
6240212
6282726
6293212
6302745
6305114
6307749
6327909
6331752
6350955
6362457
6373309
6373543
6373922
6374813
6382598
6384096
6409299
6416011
6429262
6443361
6466175
6466295
6478612
6497591
6498659
6502949
6509848
6526921
6534197
6538176
6538446
6540148
6542796
6548280
6553088
6560924
6565195
6569913
6574110
6577840
6586353
6602550
6617031
6629616
6651450
6654907
6662246
6671484
6675720
6676454
6678402
6700667
6709495
6710072
6711607
6711628
6719829
6749592
6760013
6778282
6782577
6804314
6809393
6809422
6814637
6849776
6858126
6882480
6920097
6927306
6939313
6965944
6966945
6971085
6973087
6976041
6977153
6979618
6979824
6985965
7011070
7013686
7017528
7031548
7044313
7053603
7078342
7091601
7111742
7113636
7114842
7126604
7139570
7146071
7151357
7157913
7160543
7179405
7193502
7201163
7201990
7211432
7211931
7218054
7235177
7239538
7239862
7241958
7251740
7265211
7275159
7308022
7309135
7309631
7311197
7331268
7350016
7359366
7377240
7390511
7393373
7406638
7424394
7439949
7444700
7449723
7451059
7464487
7464897
7473270
7473724
7501162
7504696
7509890
7512302
7529120
7529954
7533833
7554439
7563059
7572667
7581128
7605605
7616094
7621813
7625268
7633223
7641492
7647508
7671178
7671852
7679324
7681186
7706330
7710996
7723949
7725963
7732110
7733442
7750446
7752255
7758553
7768933
7785993
7786798
7804343
7808874
7810449
7816875
7819908
7850316
7861184
7868082
7869577
7886364
7888031
7888295
7892594
7894286
7896745
7898761
7908063
7913865
7925707
7971966
7974907
7991124
7994148
7999754
8001589
8012347
8028124
8043670
8071315
8071720
8072711
8076609
8088944
8139192
8139574
8141001
8148751
8172465
8176648
8178691
8182695
8192237
8197557
8197569
8249228
8250105
8250617
8253468
8254717
8266581
8271456
8274944
8275826
8296649
8297483
8310916
8321176
8327052
8331463
8339104
8345648
8362467
8365254
8366091
8369650
8377099
8377519
8377954
8378020
8390647
8403472
8404757
8410402
8428795
8431563
8433385
8439372
8444439
8455094
8457206
8469484
8507811
8508219
8524468
8528709
8531390
8540367
8561173
8578379
8597292
8614028
8618038
8621258
8622369
8645214
8645678
8668843
8681792
8687499
8689353
8689796
8719501
8728833
8729615
8736268
8742033
8768569
8792337
8809998
8812273
8817531
8832926
8833128
8873792
8884840
8897464
8910379
8913202
8933148
8937481
8943886
8963412
8964038
8980489
8982032
8985942
8990108
8990322
8998261
8999040
9024222
9037238
9043325
9080342
9085681
9097440
9098555
9106140
9114896
9121770
9128241
9131379
9134231
9140205
9179234
9179943
9201975
9203935
9210978
9224608
9247925
9254864
9271979
9281521
9299679
9309887
9327553
9335933
9338377
9355101
9376372
9397430
9419152
9434522
9447502
9460339
9471786
9482743
9497445
9509988
9514898
9521388
9524073
9527850
9562293
9566332
9573965
9602552
9612351
9612869
9634966
9641320
9653508
9666609
9682906
9693830
9719426
9725269
9744153
9752688
9758719
9762971
9770689
9772554
9773942
9778097
9788757
9802405
9819038
9822980
9834190
9840421
9844919
9847251
9850838
9858712
9858796
9867907
9888513
9912062
9928112
9929421
9938272
9954159
9954612
9958921
9962686
9966073
9968902
9980668
9982258
9994230
