EN605.202.81 Data Structures, Spring 2017, Lab #4
Submitted by Tom Atwood, May 2, 2017

Processing time for the sort to be run: 41535172 ns

Results:
1707
2354
2661
4085
6114
8241
8616
8691
8916
10635
13042
13174
14206
16581
17988
18220
18662
18789
19372
19821
22472
23281
23932
24060
24844
25104
26018
26208
27096
27161
28446
28552
30205
30957
31116
34256
35893
36126
36456
36530
37632
37690
38369
39400
39723
40408
40437
41948
45106
45208
46278
46743
47404
47666
47943
49361
49585
51294
51770
53979
57512
59344
59622
59984
61528
63497
63797
63882
64253
65049
66232
67951
68755
69855
70984
71688
72217
76596
79033
80697
80731
81303
82783
83454
84935
85745
85793
86434
88329
88762
89254
90587
91918
96364
99922
100142
100807
105728
105882
106340
106421
107298
108716
109577
110881
112016
113172
113279
113639
113800
114506
115677
115779
116967
117079
117651
118092
118171
120449
121160
124657
128401
130490
131624
131859
134442
135650
136602
136798
137873
139075
139143
140412
140926
142429
143929
145852
147093
147163
149029
149690
153939
154564
155183
156101
156960
157616
159363
160438
161456
162087
162617
163617
165393
166542
166910
167280
168285
169478
169612
172144
174656
174945
175566
176002
176024
177056
177264
177887
177888
179247
179599
180413
184052
186072
186127
186178
187439
187472
187911
188661
188941
190052
190529
192617
193597
193827
196051
198290
198462
201810
203007
204995
205441
206343
206644
209880
213582
214264
214806
214866
215116
215799
216000
216164
217920
218382
219278
219692
221329
222487
223453
226484
226974
227255
228233
228349
229180
233442
234302
234533
235633
236809
237267
237518
242800
243016
243398
244068
244330
245410
245459
245811
245855
248707
249206
249642
249964
254167
254912
254986
256337
257446
258226
260610
261161
261297
261571
261634
261892
262473
262925
264703
265042
265367
265867
266839
267176
269489
269963
272807
273902
275791
276715
276920
277521
279271
280212
282006
283314
283654
285500
286267
287333
287582
289333
290235
291623
291750
291951
292237
293008
293385
294164
295485
298553
299625
299854
301108
302242
302985
306006
306091
306984
307231
307411
309241
312858
313742
314959
319649
320610
320727
321190
323348
323911
324943
325709
326538
326905
326996
327441
327607
328110
328921
330172
330413
333906
337503
337862
339143
339683
341601
342871
345298
346169
347093
348256
349823
350517
352921
353285
354759
354814
355501
356129
356595
356724
356988
357013
357946
359121
359795
362208
363077
363766
365406
365990
366377
367193
369958
370233
370776
371718
373043
373201
373352
373355
374059
374431
374860
375203
376225
376919
377181
377481
377755
378331
379655
382098
385090
386907
391315
393403
393929
394236
398147
398183
398421
399646
400130
400444
401251
402970
404510
405300
409271
410583
411157
415314
415903
416983
417501
417938
420022
420661
420815
420946
421842
422220
423181
423215
423590
425090
427000
430591
430674
431421
434882
435283
438612
439811
440533
444418
444687
445445
445605
447923
448819
450315
451411
451619
453167
453531
454577
455195
455634
456977
457125
457861
459727
459929
460775
461049
462428
463775
465150
466103
466206
466605
467654
467845
470632
471077
473430
474229
474337
474964
475327
476195
476393
478307
481014
482393
483364
483368
484643
484747
486522
486790
488877
489450
490069
491512
492578
493375
493691
494016
495404
496269
497542
498371
501274
502476
503061
503554
504543
505552
506700
506946
507271
510870
511059
511197
511860
512665
513054
513331
513664
514882
516389
516660
517280
518678
520672
521001
522707
523873
525316
527221
527238
530018
530485
531296
531648
531772
532102
532797
535107
538314
538701
539665
540019
541092
541477
542391
544309
544318
544781
546475
546695
550243
551091
551538
552188
553124
553426
556539
556646
557551
558267
559951
560019
560654
562522
562684
563921
564365
565431
567065
568036
568873
569758
569762
571069
571586
572517
572856
579608
580041
582494
582702
582820
586887
587442
587521
588566
590028
594417
595290
595920
596547
597012
600882
601763
602102
602122
602389
602757
603527
603593
604120
606691
607930
608852
608892
609001
611197
611265
612150
612293
612520
616003
616209
616830
617875
618854
618958
621949
623666
623778
625139
627235
630374
632696
632698
633226
635163
636258
637770
639231
639590
640093
640178
643627
644888
645169
645517
647351
647835
648274
650807
650874
651091
652682
655452
656985
658464
658494
661839
662766
664187
667039
667226
667534
668724
668891
669934
673588
674206
675533
675537
675872
676731
677821
679558
679774
681537
681827
682805
683941
683953
684077
687499
688594
689468
691161
691966
692264
692444
696788
696990
698856
700088
701579
702263
704306
707025
708351
708697
708936
709432
710559
711798
716510
717252
718275
719375
720898
722096
722106
723502
723712
725019
725044
726229
726299
726908
727133
728294
730533
730594
731467
733937
734817
734928
737559
738888
740245
741249
742579
743063
743201
743731
744401
745469
746696
747607
747882
748197
748824
749040
751590
751942
754750
757378
758337
758631
759237
761345
761447
764626
764862
766914
767587
768687
768851
769112
770898
772613
773986
777421
778154
778301
778354
778974
779831
781230
781807
782805
783286
783376
783766
783940
785297
785434
786399
787291
787323
787733
787736
789158
789541
790665
791388
791815
792425
793580
794075
794235
794423
794611
795382
795594
795909
795966
796807
798073
800109
800204
800800
801472
801586
801634
801886
802280
803280
804369
804839
805650
805839
805850
806082
806482
810986
811233
811803
812347
812348
814442
816062
816113
817365
818067
818468
820960
821798
824324
824478
825294
825695
825837
827031
827687
829273
830271
830547
831669
832081
832330
832542
834222
837329
837691
838668
839479
840012
840982
841887
842053
842261
844089
844793
844795
845788
846086
848154
848256
848611
849810
849954
850129
852334
852632
853866
855781
856704
857472
859217
862063
862426
862689
864521
865506
866168
867056
867456
869799
870828
871239
871416
872293
872497
872508
872701
874063
875802
876966
877263
878746
879073
879203
882458
884427
885492
886032
886166
886266
888347
888989
889890
889930
890390
891386
891406
892137
892251
892651
893504
895404
896565
897908
897930
899115
899388
903633
903667
904243
906503
907946
908969
909490
909686
909743
910530
911142
911179
911232
912611
912738
913694
914745
916913
916957
918451
918934
919244
921555
921704
922304
922499
926719
927345
927857
928054
928916
929564
930481
930745
931949
932060
932769
935941
936689
937706
938726
939395
939410
939737
939827
939995
941546
943983
945587
946736
948749
951376
951462
956199
956657
957287
957558
959010
959434
961442
963395
965464
967108
967422
968546
970521
971837
972684
972699
972931
973326
973888
974549
976612
978051
980166
982731
983877
984094
984885
986595
986856
987191
988751
989539
990191
991423
993287
994304
995092
995844
997488
998646
998704
999751
1001485
1001718
1003769
1004101
1005203
1006485
1006970
1007100
1007833
1008866
1009500
1009628
1011241
1012191
1014240
1015733
1018069
1019038
1020299
1021215
1021702
1023419
1025619
1026002
1026511
1026796
1027366
1027777
1031131
1031672
1032916
1035315
1035888
1036660
1038938
1040158
1040618
1040811
1042307
1042508
1043149
1043488
1043575
1043589
1044371
1044524
1047044
1048885
1049907
1050540
1050691
1051014
1051606
1052152
1052904
1054661
1055305
1056244
1057499
1058458
1058820
1059025
1059962
1060911
1061361
1064071
1064163
1064270
1064272
1065058
1066598
1066850
1067716
1070107
1070428
1070562
1070905
1074909
1077209
1078936
1079851
1079932
1080580
1081192
1083374
1084797
1085042
1085357
1085976
1087666
1089336
1090234
1092965
1093642
1094616
1095393
1096304
1096494
1098131
1098443
1100452
1101013
1101400
1101889
1102132
1102366
1103505
1103761
1105850
1106365
1107832
1109466
1109788
1109848
1113429
1113941
1114508
1114971
1115251
1115709
1115711
1116121
1117478
1119467
1122339
1122778
1122936
1129593
1130130
1130305
1130828
1131276
1132455
1133281
1134691
1138539
1139490
1140468
1140993
1142064
1142553
1144649
1145735
1147065
1148547
1148664
1149121
1149423
1151467
1151870
1153937
1154192
1154211
1155866
1156258
1158056
1158477
1160670
1160674
1163664
1163945
1163991
1164591
1165063
1165124
1165367
1165489
1165590
1166086
1166286
1167058
1168252
1168253
1168339
1169466
1170312
1170331
1171726
1172266
1172270
1172674
1173830
1174653
1177029
1177538
1177787
1177805
1179325
1179588
1179885
1180769
1181098
1181341
1182532
1182666
1184188
1184329
1185887
1186507
1187324
1187575
1188450
1190018
1190096
1191553
1192076
1193528
1193643
1194658
1197623
1198351
1198673
1199938
1202562
1203891
1205556
1206785
1208241
1208575
1211331
1211510
1212080
1212425
1212986
1213629
1213646
1213976
1215035
1215279
1215763
1217141
1219967
1220113
1220969
1221138
1222555
1223643
1225466
1225620
1226027
1226629
1231038
1231288
1231537
1231953
1232807
1232915
1234383
1236226
1237517
1237896
1238962
1239357
1239467
1239788
1240802
1240870
1240914
1242637
1243726
1243972
1244483
1245319
1245678
1245913
1246203
1246237
1246604
1253582
1253652
1253677
1256918
1261640
1261782
1262322
1263784
1264174
1264459
1265945
1266138
1266224
1269543
1270115
1270125
1272328
1273283
1274573
1274797
1275977
1276940
1277183
1278646
1279275
1280069
1280452
1280633
1281099
1281791
1282365
1282972
1284205
1285437
1287530
1288109
1288929
1291707
1292737
1293892
1294140
1294900
1295402
1295805
1298123
1299430
1299726
1299885
1300237
1301278
1303425
1304084
1304151
1304329
1304929
1305280
1305628
1305800
1306944
1306971
1308060
1308660
1308972
1312686
1312874
1315269
1315547
1316440
1318561
1318777
1319006
1319612
1320171
1322450
1323168
1324051
1325435
1325776
1326589
1327678
1331526
1332107
1333901
1334931
1335165
1336917
1337687
1337813
1338312
1338971
1340288
1341873
1342997
1343240
1344932
1346181
1346422
1347251
1347733
1352498
1354212
1354266
1354508
1354660
1354857
1355761
1357345
1357808
1359186
1360032
1360681
1361238
1364224
1364793
1365611
1366139
1366994
1368728
1369058
1370157
1370744
1370747
1371041
1371866
1373128
1374327
1374419
1376214
1376217
1376956
1377260
1377576
1379799
1379912
1380409
1380714
1381729
1384335
1386696
1386764
1387897
1388306
1388551
1389162
1389855
1390582
1392400
1393392
1393746
1395121
1396300
1397252
1397931
1398725
1400732
1400999
1401512
1403084
1403740
1406409
1406762
1408769
1408906
1409613
1410028
1410347
1410524
1411045
1412583
1412614
1413890
1416305
1419796
1420944
1421842
1423435
1424898
1427333
1427513
1429734
1430950
1431054
1434495
1434713
1436284
1436695
1440456
1440784
1441674
1442049
1442501
1443673
1444329
1446168
1446986
1447318
1451537
1452866
1453206
1453977
1454053
1454716
1455334
1455675
1458351
1458427
1460180
1460829
1461158
1461532
1462136
1463507
1465001
1465331
1465539
1466928
1467482
1469400
1474702
1474808
1475802
1476828
1477684
1478339
1480000
1480535
1482508
1483205
1483445
1484119
1485224
1485641
1487831
1487894
1488063
1490856
1491786
1491856
1493520
1493620
1494356
1496092
1496220
1496974
1498381
1498597
1499480
1500664
1503805
1504187
1505338
1506607
1508118
1508459
1509603
1509830
1510895
1511424
1512935
1513464
1513769
1514493
1515031
1515608
1516230
1516653
1517718
1521991
1522023
1525339
1525486
1526074
1529493
1529537
1529738
1530636
1531177
1531437
1532254
1532538
1533173
1534267
1536355
1537615
1539070
1539348
1539363
1542610
1544004
1545881
1547021
1547276
1547431
1548285
1549566
1549709
1550645
1552311
1553208
1553559
1553847
1555061
1555216
1556612
1557589
1559699
1560614
1561994
1562619
1563078
1563329
1565665
1565707
1566366
1568352
1568778
1569553
1570311
1574258
1574657
1576151
1577240
1580234
1581086
1581940
1582213
1582336
1582473
1583329
1585076
1586408
1587278
1587579
1590820
1591698
1594065
1595783
1596213
1597874
1598293
1599219
1599418
1601763
1603847
1604985
1607407
1607809
1609770
1611043
1614526
1616351
1617198
1619141
1619930
1620528
1622280
1623133
1623504
1624247
1625170
1626224
1627297
1629928
1629990
1632278
1634012
1634809
1636226
1637624
1637862
1639153
1644037
1644526
1644723
1645185
1647692
1648804
1650655
1651493
1651799
1653007
1653357
1653412
1654631
1656078
1658164
1658750
1658983
1660571
1660674
1661216
1661702
1661743
1662227
1663802
1663818
1664617
1665001
1665818
1668703
1668927
1669273
1669341
1669547
1669826
1670734
1671020
1671865
1671993
1672729
1675615
1677518
1678370
1678429
1679385
1679930
1681047
1681548
1681573
1681868
1685555
1688131
1688432
1688774
1689924
1690848
1693413
1694243
1694457
1695787
1699686
1699914
1702534
1704929
1704992
1705124
1705310
1706156
1707227
1707489
1707608
1708284
1708375
1708889
1709090
1709313
1710522
1710828
1714325
1715679
1715844
1716101
1716676
1720923
1722230
1722589
1724100
1724958
1725632
1726437
1727759
1729384
1729387
1733627
1734785
1735441
1736324
1737074
1737488
1739134
1739179
1739834
1741365
1741708
1742168
1743327
1747257
1747735
1748545
1749354
1750239
1750393
1751222
1753386
1753642
1756775
1759092
1759316
1761809
1762068
1763264
1764109
1764966
1765514
1766057
1766787
1767320
1767984
1768187
1768462
1768791
1768852
1772264
1772408
1772515
1772884
1773148
1773952
1774297
1774544
1775271
1775332
1776612
1777549
1777599
1778849
1779906
1781249
1781263
1781950
1783382
1783835
1785975
1788236
1788272
1788887
1790241
1790382
1791003
1792487
1793662
1794654
1794933
1795048
1795642
1796072
1799434
1800900
1801192
1803194
1805402
1806448
1807179
1807826
1809024
1810675
1811797
1812620
1813121
1813295
1814015
1814621
1816775
1818278
1818888
1820970
1821401
1821432
1822869
1823376
1824901
1825450
1825545
1826165
1828351
1830354
1832193
1833136
1835070
1835171
1836524
1837417
1838974
1840144
1840709
1841590
1843632
1845474
1845560
1847109
1847198
1849401
1850225
1850568
1851067
1851985
1852666
1856233
1857877
1858355
1858424
1858577
1858943
1859660
1859816
1859915
1860669
1860897
1861674
1861840
1862480
1863965
1864252
1864345
1864633
1865425
1867859
1867878
1868375
1868590
1869495
1869546
1873584
1878155
1878925
1879249
1879326
1880289
1880876
1881883
1882046
1882607
1882857
1882876
1883990
1884005
1884988
1888251
1888656
1893538
1895642
1897036
1897410
1899732
1899750
1901042
1902197
1902244
1903232
1903884
1905359
1905621
1905727
1906675
1907159
1907902
1908174
1909074
1911102
1912792
1913194
1913320
1913801
1915053
1915708
1918414
1919378
1919565
1920877
1922732
1924317
1925182
1925223
1926735
1927441
1928428
1928664
1928908
1929464
1930558
1932537
1932545
1934723
1934841
1936106
1936961
1937026
1938182
1939960
1940707
1941511
1943997
1945092
1946395
1946879
1947619
1949233
1949721
1950222
1950597
1950680
1950682
1950775
1951378
1951882
1952467
1954441
1955923
1957303
1958142
1959210
1959508
1962034
1962492
1963087
1968833
1969339
1971231
1971280
1972712
1973006
1973056
1973481
1973936
1974307
1976229
1978939
1981932
1982701
1982762
1982910
1983169
1983971
1984886
1985310
1985600
1986069
1986963
1987097
1987744
1988411
1988888
1988922
1989106
1989353
1989601
1990846
1994260
1994578
1995089
1996002
1996775
1996985
1997084
1997186
1998178
1998624
1999278
2002004
2002293
2003511
2006303
2007566
2007883
2009231
2009510
2009948
2012009
2013266
2014359
2015659
2016490
2016491
2018305
2019160
2019257
2019581
2019993
2020000
2020163
2022153
2022777
2023057
2023660
2023844
2023875
2025171
2025527
2025872
2026539
2028295
2028844
2029347
2030597
2034097
2036591
2036614
2036870
2037070
2037484
2038165
2039082
2039973
2040284
2041847
2042365
2042984
2044498
2046549
2052069
2053057
2055522
2056197
2056231
2056971
2057588
2059668
2060392
2060716
2062074
2063383
2063719
2063891
2064620
2064644
2065481
2067790
2069375
2070680
2071932
2071972
2073479
2073849
2075332
2075749
2076775
2077363
2078260
2079268
2079715
2080430
2081736
2082065
2083698
2083962
2085673
2086826
2086827
2087911
2089967
2090219
2090586
2090731
2090852
2090937
2091041
2091409
2091803
2092429
2093711
2094216
2094951
2098887
2101514
2102563
2103636
2103747
2105476
2105744
2107517
2108976
2110487
2110939
2111710
2114459
2114769
2114772
2115847
2116399
2117404
2119713
2124002
2125041
2125385
2125614
2126302
2126579
2126955
2128163
2130435
2130529
2132345
2132399
2134401
2135262
2136655
2137516
2137823
2139419
2140743
2141832
2141981
2143407
2143833
2144662
2144810
2145557
2146040
2147198
2147528
2148540
2150799
2150817
2151298
2153208
2153758
2154010
2155671
2155817
2156685
2157293
2159511
2159703
2164093
2168108
2168567
2169421
2170875
2174348
2175239
2175613
2175646
2176724
2176735
2176964
2177311
2178654
2179539
2179939
2181325
2182389
2184491
2191136
2191703
2191845
2192653
2193884
2193951
2195327
2196331
2197829
2198106
2198162
2202013
2202274
2203240
2203841
2206800
2207810
2208262
2209153
2209184
2210168
2210884
2212231
2214181
2215230
2217227
2217775
2218118
2219226
2219440
2220275
2220864
2222795
2223036
2224170
2225272
2226951
2227316
2229556
2229639
2231743
2232390
2233334
2233886
2234911
2236722
2237198
2237750
2240243
2240619
2242206
2242219
2242400
2242921
2243094
2244462
2244542
2245649
2247596
2247639
2249021
2251979
2252430
2252512
2252843
2253393
2254121
2256579
2257528
2257864
2258766
2259805
2259875
2260013
2260821
2263129
2265348
2265425
2265916
2265934
2266429
2267171
2270324
2270986
2271263
2271705
2272006
2272818
2274791
2275162
2275788
2276521
2276924
2280398
2280613
2282281
2282660
2283789
2284043
2284546
2284810
2284888
2285221
2285392
2286595
2286598
2287556
2290731
2292742
2292936
2293060
2294365
2298048
2298615
2307500
2309735
2312044
2313782
2313842
2315567
2316732
2317073
2318305
2319470
2321446
2322152
2322158
2322790
2322974
2322974
2323866
2325837
2326371
2326544
2327740
2327758
2328627
2329594
2331746
2332576
2332961
2333838
2335709
2338099
2339392
2340299
2341869
2345653
2345842
2347408
2347547
2349463
2349483
2353809
2355392
2356567
2357616
2358156
2358378
2361358
2362244
2362993
2363468
2365762
2367405
2367498
2368063
2369139
2369162
2369819
2370108
2371810
2373979
2375619
2377216
2378801
2381282
2381547
2382229
2383235
2384234
2384723
2385152
2388506
2389196
2390643
2390686
2393132
2393392
2394398
2397304
2397621
2397890
2399418
2402845
2404557
2405342
2407159
2408343
2409155
2409629
2409771
2410459
2411137
2411435
2412278
2412508
2415450
2415483
2416351
2416572
2418934
2419067
2420761
2422955
2423321
2424017
2424546
2425629
2425730
2427067
2428991
2432025
2432227
2433164
2433891
2433942
2436333
2437125
2437215
2440668
2441642
2443099
2443500
2443802
2444908
2445677
2447314
2447755
2448330
2448470
2449041
2450287
2450892
2452877
2453438
2453753
2455666
2456179
2456264
2456680
2459520
2461192
2461629
2461729
2462724
2464299
2464522
2464524
2464814
2465409
2467538
2467946
2469595
2469811
2469881
2469906
2471075
2476215
2476657
2477443
2480929
2482431
2485085
2485317
2488174
2489426
2490363
2490935
2491372
2491755
2491939
2492608
2496082
2497563
2498069
2500262
2500895
2502196
2502622
2503409
2503814
2505898
2507642
2508254
2509362
2510166
2510525
2511171
2512215
2512409
2514727
2519165
2519805
2520819
2521047
2521490
2522129
2523523
2523983
2526715
2526746
2528524
2531002
2531476
2531944
2531977
2535766
2536138
2536664
2536911
2538664
2540080
2541093
2541997
2542218
2543369
2543431
2547195
2549593
2550686
2551851
2553005
2554263
2554329
2555131
2555599
2555848
2556019
2556818
2557357
2557602
2557625
2560045
2561084
2564889
2564914
2565530
2566116
2566356
2566898
2568968
2569155
2569925
2570191
2570453
2570660
2570736
2571350
2572596
2573154
2573279
2574442
2574964
2576209
2578676
2579309
2580798
2581674
2581851
2583251
2584458
2584853
2585044
2585471
2586007
2587228
2588834
2591107
2592589
2595508
2595980
2596373
2596644
2598241
2599100
2599223
2601353
2608024
2609939
2614204
2614888
2615505
2617354
2617705
2617796
2618428
2618750
2619882
2621070
2621473
2621634
2623683
2625946
2626001
2628595
2630972
2631583
2631630
2633997
2634179
2634565
2635500
2639460
2640058
2640654
2640668
2641607
2641956
2642002
2643005
2643284
2644212
2644900
2645629
2646060
2646411
2647061
2647762
2647949
2648004
2648711
2649452
2651040
2651579
2651751
2653339
2653912
2653915
2656131
2658060
2658077
2661043
2662583
2663767
2663862
2665676
2665826
2667292
2668155
2670052
2670701
2670962
2671686
2672075
2674506
2675884
2677941
2679734
2679836
2681614
2682524
2683347
2686451
2686949
2688586
2689680
2690001
2690113
2690807
2690854
2691834
2692823
2693706
2694806
2695068
2696716
2697688
2698340
2699928
2703062
2704252
2705942
2706244
2706495
2707423
2709679
2709854
2710310
2710396
2712920
2716830
2717358
2718451
2718579
2719089
2720357
2720360
2721032
2721139
2723901
2724344
2724655
2726126
2726543
2726574
2726890
2727230
2729758
2730940
2731476
2732630
2733251
2734485
2736662
2739566
2739942
2740723
2740845
2741168
2741459
2743427
2744337
2745103
2745253
2747042
2751059
2751120
2751576
2752009
2752524
2754459
2754894
2755148
2756813
2758606
2760375
2761563
2761799
2762495
2762634
2766354
2771755
2772880
2774981
2775432
2777616
2778112
2780066
2780905
2781490
2781744
2782616
2783992
2784236
2784401
2785020
2787906
2788129
2788198
2789936
2790273
2793505
2793554
2794404
2794727
2794878
2795444
2796097
2796245
2797591
2799075
2801982
2801994
2804684
2806316
2806703
2806864
2808301
2808459
2808851
2809545
2810142
2811865
2812037
2812373
2813228
2815707
2816570
2819111
2820524
2822228
2823034
2823342
2823841
2824528
2826018
2826842
2830306
2831785
2831920
2832612
2832781
2833291
2833531
2834392
2835325
2835494
2835764
2836248
2836815
2837180
2837645
2840149
2841033
2841919
2842315
2844772
2845803
2848574
2849145
2849206
2849644
2849733
2851019
2851174
2852006
2852078
2852732
2853778
2856779
2856967
2858683
2859119
2859825
2860953
2861140
2861199
2863180
2863757
2865248
2865758
2867124
2867324
2867474
2867850
2869335
2870044
2870903
2871010
2871425
2872409
2872702
2873438
2875974
2876049
2876794
2878421
2878982
2879363
2879683
2880931
2883150
2883689
2884652
2884862
2889306
2889555
2891213
2891478
2893870
2894112
2894368
2895648
2896103
2896143
2897454
2897853
2899364
2899660
2899716
2900155
2902174
2902442
2903141
2904850
2905225
2908555
2908643
2911986
2914307
2914499
2915819
2916535
2916738
2919549
2920133
2921884
2922015
2922286
2923269
2923500
2925744
2926671
2927674
2930235
2930553
2931309
2932369
2932951
2933407
2933935
2934218
2934503
2935048
2935170
2935448
2938024
2938133
2941735
2941942
2942149
2942358
2943212
2943388
2944734
2947492
2948599
2949174
2949834
2950918
2951850
2952614
2952988
2953334
2953986
2955401
2957337
2958125
2958263
2958400
2958445
2959569
2962463
2963566
2963857
2964028
2964148
2964999
2965339
2966869
2967770
2968041
2968561
2969733
2970032
2970585
2972111
2972383
2973100
2975246
2976194
2976976
2977861
2978886
2979344
2980879
2983616
2984048
2986947
2988512
2988790
2991795
2992263
2992645
2993810
2995469
2998088
2998880
2999014
3000287
3001793
3002104
3002493
3003094
3003112
3006202
3006774
3008243
3008893
3008978
3011591
3013842
3014741
3015203
3015221
3016219
3017807
3018057
3018982
3021881
3022680
3023099
3023122
3023356
3023918
3027320
3028974
3029391
3029560
3032538
3035372
3036144
3037265
3037469
3037834
3038639
3038992
3040721
3041174
3042877
3043271
3043618
3044582
3045364
3045461
3045836
3047995
3048123
3048448
3049353
3049943
3050255
3050868
3052695
3054761
3057661
3057692
3059582
3059694
3062293
3062334
3062950
3063078
3063848
3063857
3063917
3064104
3065123
3065710
3065966
3070055
3071679
3073153
3079093
3079391
3079805
3081568
3081852
3083272
3085460
3085720
3086437
3086462
3087925
3088014
3088461
3089868
3091718
3093038
3095222
3096547
3097742
3098286
3098626
3098947
3099345
3099791
3100013
3100075
3100416
3102751
3106694
3108405
3110419
3110972
3111629
3112107
3115893
3116030
3118205
3118507
3119592
3120919
3121181
3121816
3121909
3124258
3124589
3125840
3126306
3127075
3129612
3131853
3133533
3133936
3134372
3134825
3135572
3135680
3136457
3137875
3140057
3140672
3141682
3142064
3145883
3145883
3146082
3147318
3148169
3148591
3150440
3150675
3151350
3152937
3153312
3153513
3154242
3156206
3156243
3157644
3159729
3160611
3160997
3161837
3162396
3162434
3162834
3163739
3165233
3165632
3166042
3167801
3168101
3168321
3168435
3169341
3170630
3171052
3172171
3172640
3172648
3173673
3174338
3176338
3176695
3176780
3176906
3177255
3178188
3178844
3179037
3179886
3180237
3180257
3180474
3181171
3182296
3183746
3183855
3184579
3186001
3187137
3188246
3191040
3191992
3193368
3193517
3194597
3194906
3196359
3196667
3197571
3200307
3204136
3204990
3205468
3206901
3207107
3207541
3207774
3211455
3211841
3212995
3214535
3215149
3215585
3215857
3216405
3216866
3217256
3217371
3217722
3217799
3218984
3219163
3220203
3220981
3222026
3223494
3223700
3226464
3226508
3227450
3227731
3228031
3229321
3229377
3230491
3230988
3231097
3232018
3232527
3233039
3233191
3233689
3233801
3234868
3236612
3236979
3238500
3239216
3245610
3248963
3249778
3250131
3254922
3255275
3255313
3255484
3255823
3256156
3256201
3256251
3257243
3257545
3258537
3258669
3259891
3261024
3262271
3262308
3263661
3264606
3264609
3265941
3266219
3266637
3267033
3267280
3267853
3268644
3269059
3269093
3269172
3269229
3269353
3273080
3273145
3273615
3273918
3275594
3276742
3277293
3277726
3278858
3279531
3280420
3280645
3280910
3280952
3280966
3283267
3284141
3285055
3285904
3288577
3289490
3290173
3290675
3293221
3293308
3294695
3295162
3296527
3297927
3298549
3300646
3301026
3301868
3302002
3303025
3305830
3306186
3307232
3308159
3309042
3309181
3309225
3309398
3309789
3310533
3311872
3312126
3313897
3315652
3316735
3317477
3318154
3318513
3318622
3320477
3320608
3322041
3322414
3323932
3324948
3330589
3330767
3331021
3331231
3331712
3332445
3334870
3335050
3335659
3335875
3336478
3337088
3339571
3340417
3342435
3343437
3343848
3344391
3344611
3347428
3348103
3348414
3350205
3350446
3350977
3351029
3351162
3352131
3353579
3353838
3353943
3354912
3356817
3357222
3357602
3358690
3360817
3363848
3364571
3365218
3365487
3366426
3369937
3370573
3370637
3372379
3373568
3373978
3374665
3375287
3377568
3377934
3378538
3379342
3380788
3381607
3383429
3386697
3386987
3387407
3389486
3390392
3391132
3391809
3393376
3394183
3394274
3394365
3394784
3395726
3396533
3397638
3397796
3400752
3400867
3402840
3403362
3404555
3404760
3405125
3406479
3406871
3409714
3409864
3409957
3411124
3412628
3413540
3413761
3414175
3416298
3416655
3417854
3417941
3418157
3419315
3419509
3420533
3421423
3423728
3424643
3425252
3426027
3426057
3427742
3427770
3428588
3430007
3430192
3432274
3432636
3433162
3434295
3434410
3436308
3436501
3437357
3437702
3438166
3439442
3439727
3440099
3441277
3441739
3442966
3444103
3445518
3445729
3446056
3446976
3447398
3447483
3448553
3448731
3449267
3449378
3451030
3451407
3455474
3457634
3458301
3458803
3460138
3461190
3461932
3462058
3463685
3465607
3467026
3467847
3469691
3471058
3471685
3472929
3474164
3474646
3475060
3475504
3476442
3477341
3477548
3478070
3478082
3478498
3479615
3480038
3480070
3481916
3483177
3484342
3484563
3485264
3485897
3487850
3492938
3493967
3494590
3496824
3497850
3499479
3499907
3500228
3501120
3502811
3503433
3503477
3504342
3504534
3508679
3510829
3511163
3513245
3514341
3516027
3516922
3517872
3521910
3522911
3523122
3523569
3524139
3526869
3526985
3530976
3531680
3532202
3537666
3538216
3539056
3539669
3539672
3543323
3543620
3544049
3544747
3546593
3549882
3550798
3550846
3551534
3551717
3552614
3553200
3554175
3554369
3554380
3554498
3554993
3555444
3557040
3557880
3560090
3560202
3560375
3560420
3560453
3560561
3562163
3562970
3563899
3564828
3565023
3565546
3565596
3567221
3567271
3568055
3568696
3569291
3570507
3571582
3571811
3572489
3572567
3572794
3573219
3576102
3576627
3577432
3579498
3579615
3580113
3580559
3581285
3581438
3581925
3583483
3584783
3585198
3585630
3587862
3591209
3592122
3593127
3593628
3594937
3596099
3596626
3596946
3598134
3598490
3599794
3601119
3601481
3601606
3602185
3602578
3603825
3604051
3604801
3604891
3605859
3606629
3606776
3608875
3609076
3609218
3612362
3615328
3615826
3615860
3615981
3616002
3617224
3618461
3618791
3620734
3621828
3623251
3624707
3625063
3625981
3626956
3628269
3631266
3631943
3632076
3633459
3633700
3634890
3635347
3635418
3635548
3636350
3636613
3636874
3637478
3637499
3638376
3638934
3639204
3639727
3640665
3642249
3642583
3645789
3647868
3648992
3650277
3650898
3652334
3652735
3652837
3654188
3654718
3658077
3658087
3658925
3659854
3662290
3662332
3663249
3663695
3665199
3666026
3666759
3667038
3668472
3668478
3669293
3669331
3669558
3670203
3670682
3670783
3671279
3671515
3673307
3675602
3675866
3676507
3676930
3677638
3678869
3681663
3682063
3682798
3683302
3683751
3683940
3684205
3684270
3684329
3684995
3685297
3685653
3687042
3688168
3689764
3692308
3692953
3695595
3695837
3697012
3697427
3699542
3699621
3699634
3699820
3701037
3703218
3705371
3705571
3707244
3709245
3710624
3712710
3712896
3714252
3718469
3719834
3720547
3721425
3722486
3722747
3724472
3725136
3725746
3726152
3728097
3728625
3729001
3729550
3731488
3733882
3733899
3734203
3735100
3736116
3737018
3738717
3739219
3744187
3746910
3747600
3748777
3749449
3750717
3751021
3751378
3753475
3755935
3757102
3757325
3760347
3760525
3761720
3762523
3762838
3763087
3763122
3763414
3765017
3765348
3765622
3765680
3766071
3766136
3766371
3768904
3769483
3772203
3772225
3774249
3776718
3777194
3778058
3778510
3779387
3782491
3782673
3784070
3785793
3786833
3787785
3789508
3789652
3792978
3794564
3794897
3796867
3798738
3800584
3802073
3802297
3802695
3806865
3807243
3807620
3807803
3808139
3808264
3808302
3809397
3812548
3812624
3812949
3814615
3815460
3816226
3817423
3817825
3818857
3819203
3819239
3819666
3819731
3820257
3820442
3821912
3822140
3823085
3824697
3826568
3827910
3828751
3829930
3830141
3831223
3831723
3834211
3835237
3836259
3836938
3837149
3837777
3837837
3838984
3839509
3839557
3839880
3840627
3840667
3843009
3845034
3846871
3847196
3847307
3847503
3850896
3851752
3851823
3852272
3852517
3855894
3856866
3857390
3858019
3859659
3860528
3861766
3862546
3863336
3863781
3864953
3866278
3868631
3870430
3871158
3874284
3877277
3877654
3878303
3878687
3878925
3879045
3879427
3879708
3880073
3881850
3882324
3885374
3885786
3886056
3886623
3886652
3887702
3889352
3890203
3890728
3894298
3895389
3895464
3897847
3898238
3899730
3900493
3901336
3901856
3903117
3903597
3905343
3905481
3905910
3906078
3906836
3908824
3909995
3910000
3911287
3911933
3911967
3912213
3912802
3913023
3914643
3914725
3914963
3915327
3916064
3917000
3918226
3918337
3919074
3919246
3919870
3921481
3921731
3922107
3922261
3923200
3923940
3924599
3926594
3929227
3929665
3932696
3933446
3936941
3937403
3938990
3939314
3939947
3940234
3940766
3940931
3940938
3942675
3944895
3945377
3946183
3947279
3948274
3948558
3948794
3949109
3949622
3958261
3959356
3959402
3959529
3959825
3962321
3962336
3963089
3963392
3964974
3965899
3966024
3966584
3967690
3968702
3968804
3969355
3969773
3971035
3976319
3976757
3976845
3977456
3978231
3979195
3979534
3979716
3979758
3979930
3980889
3982039
3983249
3984267
3986406
3986487
3986524
3988466
3991158
3992080
3992490
3993535
3994942
3996101
3996461
3997609
3998193
3998476
3998992
3999161
3999962
4000224
4000894
4005057
4005087
4009401
4010053
4012179
4014120
4014590
4015992
4016386
4019640
4020211
4021261
4021621
4021893
4023718
4024115
4024790
4026044
4027256
4030238
4030262
4030859
4031934
4032501
4032982
4033550
4034708
4034884
4035442
4036555
4037141
4037757
4039258
4039356
4039379
4041772
4042349
4042728
4044597
4045104
4047166
4047196
4047345
4047763
4050148
4050356
4050434
4051721
4051842
4051880
4052341
4053359
4055018
4056387
4056690
4056712
4056948
4057284
4057606
4058402
4059175
4059979
4062801
4063071
4063246
4063608
4063910
4065262
4065550
4066181
4066217
4067851
4069129
4069306
4072851
4074531
4075144
4077012
4077062
4077483
4077936
4077976
4081204
4083356
4084717
4087694
4087933
4090226
4090612
4090804
4091023
4091608
4092593
4094794
4095665
4096026
4098641
4098854
4100278
4101541
4101780
4102027
4103087
4106509
4106785
4107379
4109721
4109869
4110006
4112048
4112334
4113482
4113500
4115939
4116452
4118362
4119223
4119403
4120556
4121374
4123051
4123309
4123842
4124880
4126400
4127933
4128210
4128223
4128775
4129051
4130339
4130819
4132762
4133214
4134817
4135081
4137588
4137655
4139895
4141594
4141789
4143986
4145606
4147160
4148752
4148787
4149657
4150307
4151071
4151779
4153202
4155385
4156079
4156553
4156587
4157095
4157140
4157701
4157988
4160869
4160965
4161072
4162434
4163006
4163019
4164711
4164863
4166593
4166598
4169438
4169947
4170031
4170640
4172384
4173994
4176170
4178662
4179210
4179497
4179758
4180333
4180958
4181384
4181761
4182605
4183064
4184484
4184994
4185267
4186264
4186587
4187479
4187853
4189800
4192153
4192947
4194752
4194805
4195602
4197610
4198359
4199706
4200802
4201191
4201259
4202628
4203300
4204470
4205234
4206659
4206864
4206973
4207003
4208211
4210025
4211203
4212982
4213014
4214783
4215620
4215973
4216085
4216687
4217991
4218239
4218830
4219070
4219668
4219922
4222093
4224122
4224684
4225750
4226617
4226660
4228736
4229807
4230755
4232067
4233946
4234536
4234585
4235077
4235191
4236808
4237407
4238363
4238486
4239207
4243795
4245467
4245552
4246205
4247894
4247983
4250197
4250841
4252375
4252982
4253320
4253565
4253586
4254124
4254986
4255296
4256922
4257960
4258455
4259266
4259540
4260552
4262338
4263334
4263473
4263705
4263789
4265115
4266081
4266416
4266567
4266709
4269188
4270102
4271746
4271962
4272115
4272319
4272840
4272857
4273799
4275265
4276076
4277215
4278004
4279424
4279908
4280538
4280821
4281527
4281563
4281792
4281995
4282438
4282639
4283604
4284029
4284562
4286254
4287841
4288264
4289005
4290320
4291071
4291673
4291709
4292379
4294272
4296046
4297839
4298081
4298774
4299942
4300755
4301214
4301549
4303497
4304432
4305162
4306318
4307142
4307374
4308401
4309575
4313671
4313869
4314053
4314277
4316250
4317307
4319650
4319654
4320209
4321719
4321890
4324176
4324826
4324896
4326850
4330723
4333644
4334640
4335341
4336069
4336662
4337760
4339248
4340389
4341289
4342827
4343315
4343891
4343998
4345041
4346378
4348192
4348326
4349696
4350967
4351450
4351452
4352160
4352281
4352763
4352878
4356192
4356620
4358360
4359869
4361626
4361692
4363918
4364870
4365092
4365288
4365537
4366027
4366724
4366983
4367995
4368720
4369848
4372459
4374718
4375256
4377171
4378025
4382422
4384341
4384754
4386299
4386520
4388764
4389357
4391428
4391502
4391736
4391748
4392260
4392526
4393690
4394460
4395449
4396925
4397662
4398231
4399573
4400355
4401638
4401648
4402043
4405001
4405630
4406830
4408055
4408386
4410922
4411149
4412527
4414058
4415049
4416062
4416441
4416652
4418091
4419118
4419758
4421479
4421646
4425386
4425549
4425901
4426086
4428165
4428397
4428552
4430242
4430636
4432917
4433166
4433267
4434529
4435931
4436903
4437093
4437139
4439181
4439711
4440167
4440427
4441935
4442010
4443948
4445773
4447400
4447520
4449323
4455947
4456094
4456882
4458186
4458804
4459850
4461991
4462519
4462708
4465025
4465694
4465996
4469539
4471494
4472314
4474555
4477653
4478531
4480097
4480406
4480582
4482181
4482792
4483016
4486120
4486530
4486905
4488138
4490108
4490203
4491227
4491710
4492086
4493253
4493715
4493832
4497832
4498422
4498507
4500401
4502897
4503939
4503979
4504025
4504553
4506211
4507156
4508694
4509136
4510342
4510352
4510993
4511006
4513416
4517383
4518224
4520086
4521059
4522052
4522297
4522760
4526310
4527251
4529120
4529945
4530375
4530807
4532866
4535506
4537255
4538050
4539579
4541519
4541670
4544158
4544233
4544340
4544550
4544730
4545761
4546088
4549711
4549815
4550302
4550533
4552145
4553326
4555160
4556149
4556403
4556548
4557873
4558246
4558744
4560102
4561050
4561263
4561512
4561731
4561736
4561778
4563980
4564480
4567314
4567413
4568400
4569731
4571285
4571727
4572270
4573439
4573453
4574472
4574517
4574756
4576036
4576520
4576880
4578155
4578226
4579868
4580094
4580864
4581790
4583274
4583583
4585430
4588114
4588524
4589767
4589861
4591619
4592359
4593164
4593712
4594141
4594745
4596820
4597196
4600304
4601919
4602286
4602520
4605059
4607572
4609563
4613666
4613962
4619435
4619477
4620966
4622201
4622756
4623171
4623183
4623400
4623725
4624576
4626707
4626826
4627559
4628799
4628816
4630086
4630133
4631340
4631528
4631849
4631870
4632435
4633677
4635383
4635550
4635552
4638448
4639379
4640135
4641762
4643240
4643583
4644848
4647829
4647853
4648304
4648375
4650651
4653782
4654594
4654889
4655570
4655672
4656426
4656926
4657065
4657888
4657981
4659596
4659665
4659841
4660387
4660393
4661260
4661490
4663895
4665618
4665764
4666087
4666467
4666492
4668158
4668593
4668875
4669130
4669426
4671030
4671119
4672245
4672740
4674852
4677277
4677746
4677824
4678884
4681206
4681740
4682514
4683796
4684316
4684688
4686544
4687887
4688026
4688506
4689302
4692788
4693163
4695045
4697882
4699344
4701472
4701937
4702053
4702757
4703628
4706870
4707197
4708837
4709402
4710911
4710964
4712540
4713240
4713679
4715307
4715307
4715895
4715949
4718284
4719618
4719876
4719878
4720131
4720318
4722191
4725275
4725293
4733485
4734153
4734573
4736142
4737424
4738383
4739190
4739337
4740263
4741953
4742506
4743854
4743908
4745105
4745673
4746109
4746225
4746486
4746638
4746775
4747224
4747788
4748178
4749115
4749433
4751732
4752789
4753030
4753849
4757688
4757765
4760678
4761672
4764185
4765621
4766800
4767413
4771437
4771715
4773852
4774089
4774558
4774934
4778984
4779505
4781090
4783336
4784330
4785298
4786300
4788024
4789815
4790105
4794085
4794402
4794662
4796612
4796742
4800618
4801538
4801825
4802674
4806410
4807024
4808869
4810419
4811484
4812616
4812814
4813618
4814193
4818396
4818514
4818628
4819541
4820106
4821374
4822982
4823417
4824117
4824767
4824950
4825665
4825748
4826079
4827089
4828131
4829711
4829814
4830220
4830855
4832093
4833182
4833671
4835626
4836070
4837432
4837473
4838530
4841138
4841245
4841463
4842503
4842842
4842901
4843148
4843302
4844896
4846984
4847577
4847930
4848370
4850609
4852973
4853394
4853774
4854296
4854639
4856151
4858478
4860366
4864140
4864159
4864883
4865483
4867669
4868769
4868965
4869348
4869544
4870428
4871267
4872631
4872820
4873182
4873903
4875394
4876450
4876569
4876917
4878283
4878850
4879688
4879823
4880520
4880715
4880853
4881480
4881665
4883927
4884748
4885461
4885471
4885576
4889405
4890641
4891865
4893157
4895274
4895787
4897174
4897784
4897937
4899269
4899593
4899611
4899764
4903340
4903364
4906831
4907031
4908538
4911885
4914177
4914343
4914487
4915047
4915848
4917017
4917633
4917877
4919170
4919527
4920723
4920835
4921268
4921738
4922987
4923448
4923801
4924488
4925891
4926594
4929084
4930013
4930254
4931401
4931574
4932477
4934538
4935321
4936665
4938129
4938366
4938603
4939129
4939235
4942114
4942685
4945900
4947457
4947669
4948429
4949269
4951624
4953524
4954021
4954902
4957515
4958267
4959559
4959964
4961323
4962222
4962375
4962775
4964316
4968391
4968473
4969976
4972658
4973711
4974911
4976611
4977123
4977181
4978586
4979687
4979716
4980863
4980869
4981491
4981547
4982295
4987475
4988812
4988873
4989751
4990234
4990275
4992731
4992938
4994000
4994398
4996625
4996951
4999434
4999757
5001914
5004762
5004811
5006977
5008023
5008590
5009585
5009595
5010541
5011608
5014466
5016222
5016408
5017713
5017777
5020497
5021941
5022079
5022665
5023750
5024486
5025713
5029185
5030149
5031693
5032226
5032639
5032872
5033043
5034481
5034665
5034690
5037066
5037880
5037958
5037990
5038521
5040740
5042829
5044972
5044990
5045217
5048674
5048824
5050503
5052483
5052927
5053210
5055122
5055564
5061089
5066079
5067178
5068520
5068598
5069447
5070404
5070794
5071108
5072078
5073628
5073969
5077252
5080687
5081006
5083170
5083584
5084283
5084299
5084476
5085459
5087109
5088058
5089700
5090272
5090498
5090706
5091511
5092100
5092673
5094711
5096126
5097592
5100290
5100327
5100785
5101655
5103879
5103941
5103962
5107017
5108545
5109629
5111753
5112398
5119389
5124950
5127207
5128606
5129809
5132574
5133263
5133289
5134176
5135405
5136241
5137675
5138451
5139174
5139489
5140856
5141419
5141446
5142220
5142653
5144490
5145478
5145786
5146913
5147953
5150727
5150871
5151538
5151619
5151908
5152105
5152536
5153308
5154483
5154759
5154884
5154992
5155190
5155900
5157100
5157458
5157911
5159796
5160041
5160863
5161064
5161822
5162004
5162718
5163113
5163927
5164296
5164717
5165612
5168184
5168632
5169180
5169586
5170847
5170879
5172008
5172292
5173224
5174856
5176083
5178101
5180455
5180493
5182083
5182306
5182336
5183708
5184254
5184334
5186847
5189440
5189682
5189713
5192785
5193053
5195047
5195860
5197501
5197748
5199065
5200032
5202813
5204679
5206444
5207455
5209038
5209345
5209400
5210569
5210735
5210890
5213381
5213434
5213575
5214141
5215221
5215675
5217565
5217669
5218860
5218920
5219036
5219690
5219710
5220033
5221422
5223057
5228152
5228279
5229596
5230109
5232135
5233921
5235846
5236553
5236619
5236840
5237087
5237238
5237960
5238258
5238452
5240456
5242638
5243454
5243728
5245212
5245542
5245675
5246162
5246843
5248049
5248577
5249334
5249881
5250970
5251057
5251548
5251862
5251907
5252126
5252283
5252330
5254100
5255365
5255950
5256810
5258396
5258751
5259806
5261158
5265299
5266462
5266607
5267161
5267615
5267780
5268115
5268260
5270464
5273019
5273592
5274176
5275941
5276557
5277885
5280115
5280491
5282596
5282704
5283211
5283286
5285161
5285486
5286735
5288836
5289993
5290419
5291869
5292621
5292624
5292777
5292807
5292893
5293204
5293330
5295951
5296722
5296966
5297209
5297260
5298373
5298919
5299773
5301544
5302682
5303751
5305096
5305357
5307081
5307217
5309458
5309520
5310793
5311775
5312467
5312558
5313470
5314047
5315277
5316204
5317641
5321972
5322113
5322771
5324051
5324975
5325361
5325385
5328110
5329319
5331196
5331631
5332418
5333748
5334919
5335387
5336370
5338617
5340484
5341576
5341642
5341817
5342425
5343455
5347452
5348412
5349146
5349389
5350134
5351432
5354606
5356026
5357014
5358000
5358969
5360047
5360137
5361149
5361871
5362512
5363838
5363869
5364705
5365212
5365488
5366513
5367309
5368019
5370159
5372860
5373516
5374338
5378360
5381107
5383505
5388931
5390198
5392438
5392517
5394264
5394949
5395501
5396914
5396968
5397362
5398511
5399338
5399591
5400620
5400637
5401005
5402206
5406423
5406628
5406727
5407974
5409098
5410204
5412296
5412593
5412661
5413829
5415028
5415043
5417299
5419079
5419653
5419743
5420351
5420686
5420814
5425065
5425461
5425616
5426401
5426466
5427935
5429309
5429310
5429699
5430006
5430264
5432086
5432404
5435504
5435778
5437732
5439244
5439522
5439727
5439852
5440270
5440732
5441044
5441888
5443601
5444442
5444855
5446114
5446193
5447252
5450540
5451488
5452592
5454591
5454627
5455215
5456974
5458968
5459674
5460185
5460485
5460489
5460707
5463878
5464892
5465070
5466035
5467539
5472227
5472551
5472592
5473389
5473951
5475726
5476049
5478918
5481672
5483434
5483503
5483640
5483726
5484908
5485602
5486889
5486978
5487707
5488085
5489190
5491309
5492645
5492825
5493268
5493482
5494903
5496063
5497944
5498098
5503196
5503684
5505575
5506800
5509060
5509351
5510203
5511123
5514842
5515835
5516327
5519012
5521125
5526757
5529046
5529052
5530158
5532351
5533166
5534276
5535581
5535891
5537162
5539977
5540795
5541686
5544513
5545188
5545391
5546391
5546653
5548985
5551085
5551127
5551423
5551438
5553169
5554804
5555375
5555799
5555962
5558198
5558402
5558438
5558962
5560173
5560580
5561005
5562059
5563075
5565784
5566124
5567520
5568746
5569214
5571092
5573108
5577188
5578721
5579291
5579762
5581128
5581701
5582585
5583152
5584016
5585785
5585885
5587491
5588741
5589063
5590090
5590162
5591176
5591712
5591793
5591970
5595812
5596309
5596516
5596748
5597318
5597796
5599927
5600085
5600417
5600576
5601383
5603435
5604079
5604371
5604532
5605799
5605914
5607894
5608234
5612052
5612246
5613742
5615458
5616021
5617395
5618447
5619950
5622499
5624863
5625286
5626538
5628503
5628603
5629478
5629522
5629619
5630484
5631490
5631940
5632262
5632990
5634949
5636006
5636147
5636573
5637393
5637833
5638272
5638324
5640290
5640634
5641955
5642945
5643775
5644418
5644616
5644813
5645740
5645818
5645984
5646505
5646959
5648184
5648662
5648704
5651063
5651510
5651747
5652004
5652969
5653259
5653284
5653334
5653477
5653560
5654208
5655840
5656391
5657413
5658587
5659252
5659838
5660850
5661290
5661779
5661903
5662118
5663262
5663782
5664260
5664541
5664946
5665074
5665739
5667342
5668189
5668346
5668703
5669065
5669648
5670149
5670767
5670880
5672182
5673725
5678340
5679574
5683770
5684874
5684904
5685848
5685925
5686171
5687394
5690002
5690663
5691539
5692230
5693187
5693690
5697582
5698486
5700266
5701479
5702565
5702715
5703344
5703440
5707009
5709836
5712433
5713064
5713716
5715702
5717345
5717915
5718922
5719338
5721402
5721969
5722946
5723146
5723881
5726115
5726602
5728151
5729706
5730089
5730360
5732247
5733311
5733737
5734015
5734165
5734719
5735795
5737240
5737274
5738223
5740332
5741027
5743413
5744482
5746016
5746730
5747821
5748149
5748553
5748731
5749848
5750123
5750861
5754663
5755734
5755825
5756311
5757606
5760636
5764112
5765219
5765897
5766357
5767564
5769432
5770159
5770593
5771866
5772350
5773603
5773645
5774294
5774540
5775732
5776572
5777082
5780696
5781191
5781544
5781739
5782337
5785971
5787700
5787867
5787965
5788999
5791112
5791744
5793162
5793259
5794232
5794413
5795150
5796517
5797923
5799409
5799562
5800411
5800774
5801273
5802411
5802605
5802679
5805038
5805245
5805326
5805407
5805692
5807925
5810031
5811220
5811299
5812498
5814497
5814973
5815208
5816354
5817072
5819025
5820589
5820960
5821387
5821829
5822965
5826816
5827320
5828152
5829165
5829299
5829304
5829912
5829965
5830763
5830967
5831729
5832516
5832988
5832988
5834378
5835885
5839054
5842709
5843069
5844623
5845670
5846376
5846739
5847054
5848600
5848954
5850019
5850684
5850825
5850975
5851279
5851340
5854946
5855786
5857128
5859334
5859399
5860207
5860776
5861982
5862820
5862949
5864066
5864494
5865522
5865536
5867036
5868486
5868987
5869120
5869941
5870360
5870661
5870684
5872063
5872387
5872642
5873386
5874829
5875529
5875565
5876569
5877530
5878212
5881690
5882442
5882549
5882861
5883932
5885621
5885782
5885993
5886159
5887218
5887813
5888684
5892070
5892580
5895248
5896422
5896744
5900737
5901039
5901564
5901864
5903665
5904150
5904399
5906357
5906988
5907165
5907227
5907245
5907330
5907529
5909009
5910441
5911154
5911237
5911596
5912023
5912693
5913625
5914544
5915292
5916754
5917147
5917418
5917639
5917710
5919122
5921474
5922130
5923924
5924258
5928386
5929135
5929598
5932226
5933032
5933608
5935768
5935792
5936939
5937382
5939859
5941647
5941809
5943029
5943653
5946457
5947066
5947965
5948028
5950720
5951193
5954387
5954665
5955818
5956322
5956343
5957115
5957358
5959356
5959934
5961989
5962216
5962539
5965123
5965206
5966968
5967459
5969298
5970314
5970490
5975978
5976033
5976076
5979117
5979646
5979784
5980396
5982583
5982837
5984279
5984813
5989078
5989824
5990314
5990381
5990723
5990781
5991333
5991655
5992444
5993391
5993525
5993709
5993945
5995003
5995891
5996244
5996901
5997322
5999360
5999387
6000548
6001835
6004049
6005003
6006062
6006070
6008551
6009601
6010733
6016876
6017223
6017666
6018126
6018689
6019018
6020911
6020969
6021610
6021748
6021944
6024258
6024361
6024400
6027998
6028188
6029144
6029796
6029852
6030661
6035219
6035759
6036701
6037719
6038546
6039221
6041912
6042249
6043316
6046025
6046073
6046157
6049919
6050735
6051982
6052425
6053816
6054470
6056202
6058491
6059029
6060509
6060895
6061546
6061893
6062771
6064105
6065317
6065927
6066207
6068595
6069066
6071553
6071744
6072747
6072989
6073896
6075706
6076120
6076954
6077379
6080687
6081913
6082647
6084355
6084685
6084872
6085464
6085939
6086210
6087715
6090927
6091178
6091724
6092152
6092162
6092168
6092481
6093742
6095506
6095971
6098005
6101609
6103160
6104510
6105558
6106164
6106789
6106841
6109923
6110924
6111150
6111857
6112437
6114225
6114662
6114801
6115001
6116347
6116768
6116776
6117125
6120431
6121394
6122401
6123026
6123897
6124304
6125846
6126361
6126868
6128665
6129257
6130032
6130756
6130943
6133027
6134985
6136071
6136311
6137378
6138520
6139014
6139124
6140033
6141273
6141497
6142239
6145534
6145796
6145872
6147036
6147116
6149612
6152871
6154366
6155733
6156237
6156958
6157569
6159000
6163181
6164762
6165852
6165955
6166409
6166467
6166983
6167001
6169606
6171762
6171853
6173896
6173922
6174735
6174794
6175940
6176531
6176541
6178079
6178927
6179704
6182080
6183160
6183476
6184274
6184842
6185090
6185235
6185285
6187609
6188283
6188673
6189071
6189252
6189959
6190779
6192461
6193710
6194694
6196190
6196730
6196903
6197974
6198125
6198265
6198736
6200227
6200854
6201012
6201848
6209358
6209545
6209809
6210778
6210930
6212554
6212795
6214528
6215196
6216393
6216401
6217975
6218284
6218572
6219242
6219765
6220483
6222517
6222816
6224011
6225204
6225399
6226581
6227417
6228120
6230951
6231781
6232708
6233026
6233281
6233342
6234501
6234680
6235510
6236868
6238107
6238828
6240212
6242555
6243974
6244132
6245678
6245919
6246141
6247971
6250086
6251737
6252992
6253354
6254354
6255091
6256510
6257040
6257519
6258066
6258501
6258989
6259984
6260129
6261093
6261264
6261940
6263524
6263914
6264219
6265494
6266710
6269729
6270733
6270796
6274875
6275575
6276395
6277659
6277928
6281857
6282014
6282726
6283679
6284231
6285376
6285633
6286781
6287249
6287599
6288273
6289620
6290149
6290813
6291962
6292936
6293212
6294310
6294854
6294961
6296598
6301255
6302165
6302745
6303613
6303637
6305114
6305547
6306073
6306254
6307030
6307237
6307749
6310184
6311828
6313468
6313822
6314976
6316278
6316832
6317068
6317278
6317576
6318050
6319182
6319949
6320581
6323344
6323785
6325214
6325363
6325860
6325865
6327378
6327909
6328392
6328540
6328611
6331589
6331752
6332493
6334540
6336171
6337766
6340887
6342121
6342204
6344864
6349626
6350326
6350955
6351731
6351927
6353253
6353351
6356161
6356444
6356636
6356887
6358425
6361407
6361937
6362457
6362856
6364068
6364733
6365252
6365952
6366594
6366788
6366912
6367956
6368969
6369821
6371291
6372074
6372874
6373309
6373543
6373896
6373922
6374532
6374813
6375251
6375796
6376071
6376205
6376432
6376507
6377309
6379060
6379253
6379976
6380132
6382598
6384096
6384646
6385225
6387033
6388007
6388140
6390118
6392277
6392484
6395741
6398004
6399096
6400096
6401933
6401940
6402072
6404864
6407335
6407543
6408748
6408880
6409299
6409609
6409786
6409958
6410138
6411263
6412830
6413731
6413767
6416011
6416019
6417524
6419436
6419510
6419537
6420807
6423433
6424253
6426062
6429262
6430152
6430421
6430823
6431941
6432471
6433392
6434141
6434587
6436196
6436668
6436669
6437134
6437348
6438425
6438582
6439034
6441603
6442613
6443361
6443593
6444280
6446223
6446226
6447072
6448147
6448349
6450060
6450671
6451791
6452042
6453567
6453580
6455153
6456307
6456817
6457067
6458606
6458779
6463480
6464700
6465033
6466175
6466295
6466412
6466647
6466985
6468755
6469087
6469374
6469848
6471145
6471896
6477505
6478466
6478612
6479469
6479529
6479725
6481415
6485642
6486110
6488336
6489289
6492887
6494640
6495957
6496459
6496475
6497025
6497590
6497591
6498659
6501931
6502382
6502949
6503389
6505043
6506603
6507692
6507857
6507889
6508609
6508814
6509848
6511007
6512235
6512375
6512772
6513009
6514830
6515437
6515521
6516127
6516434
6517201
6520733
6522095
6525344
6525845
6526138
6526921
6528713
6530974
6531952
6531995
6532694
6533637
6533979
6534197
6535179
6535681
6536264
6538176
6538250
6538446
6540148
6542070
6542796
6543627
6544047
6544704
6544810
6547561
6547683
6547733
6548280
6548897
6549570
6549973
6550588
6553088
6553776
6553817
6553914
6553965
6554049
6555485
6558457
6558837
6560924
6562492
6563857
6564565
6565195
6568429
6569913
6570220
6571385
6573199
6574002
6574110
6574512
6575387
6575848
6576052
6577224
6577708
6577840
6578225
6580021
6580246
6580452
6580738
6581128
6581402
6582758
6582845
6583589
6584309
6584624
6584951
6586353
6589833
6591424
6592527
6593011
6598416
6599977
6601294
6602550
6603036
6604173
6607350
6607947
6608463
6608769
6611313
6613354
6614385
6614475
6615438
6615675
6617031
6620381
6620522
6622017
6622779
6623075
6623639
6623775
6624035
6624901
6625659
6626349
6627740
6629139
6629616
6629720
6631114
6635466
6638857
6639708
6640624
6640815
6641529
6642609
6644026
6645251
6645944
6646986
6647846
6647966
6648404
6651450
6652242
6652813
6653890
6654524
6654570
6654907
6655047
6655129
6655801
6655890
6655909
6657696
6657966
6658886
6659084
6660067
6660176
6661473
6662246
6662329
6662715
6664641
6665100
6665524
6667940
6668454
6670034
6671346
6671484
6672532
6674084
6674958
6675296
6675720
6675731
6676031
6676454
6678077
6678402
6679464
6679976
6680875
6681304
6682318
6682989
6684238
6686390
6686740
6687039
6687706
6689244
6690459
6691262
6692653
6694170
6696164
6696449
6698822
6699176
6699513
6699744
6700122
6700142
6700667
6702230
6703406
6704496
6705583
6706787
6708336
6709495
6710072
6710551
6711607
6711622
6711628
6712724
6713323
6713714
6714547
6714878
6715511
6716461
6717212
6718851
6719447
6719829
6720496
6720501
6721614
6723787
6724696
6726352
6728365
6729341
6730063
6731305
6732615
6733214
6736711
6740058
6743220
6743885
6746005
6748275
6748552
6748565
6749273
6749592
6749900
6751391
6751533
6752053
6752909
6753514
6755567
6755703
6756432
6757065
6757329
6758331
6758446
6758709
6758936
6759055
6760013
6760645
6762692
6763978
6765633
6767117
6769760
6771247
6771756
6773173
6774319
6776214
6777699
6778282
6778387
6780016
6780476
6780534
6782577
6785423
6785473
6786158
6787065
6787266
6788081
6788798
6791045
6792332
6792851
6793042
6793906
6797262
6799973
6801683
6802103
6802432
6802830
6803619
6803643
6804314
6804697
6804733
6804819
6805711
6807156
6807289
6807298
6809393
6809418
6809422
6809462
6811042
6811728
6811891
6811958
6814637
6814661
6814872
6815500
6816783
6817000
6819135
6821112
6822620
6825432
6825559
6826547
6829747
6829845
6830054
6831089
6832391
6833260
6839380
6839660
6840563
6840726
6841068
6841744
6843860
6844833
6847594
6849776
6850320
6851373
6852225
6853653
6853968
6856199
6857695
6858126
6858383
6858633
6859591
6861650
6864869
6864929
6865004
6865079
6865536
6865936
6866067
6866455
6867384
6867440
6868275
6869383
6870580
6873476
6873566
6874627
6875498
6876583
6876799
6877047
6877279
6877445
6877468
6877816
6878328
6878392
6878890
6879339
6879395
6879521
6882397
6882480
6882634
6885064
6885067
6885315
6886468
6888634
6892499
6893532
6894320
6896713
6896833
6898844
6899089
6899592
6899740
6899948
6900109
6900166
6900256
6900526
6901800
6903572
6904142
6907741
6908534
6908852
6909385
6912935
6916013
6920097
6921310
6921355
6924253
6924694
6925240
6925358
6926322
6926803
6926986
6927306
6927889
6927972
6929511
6929694
6932784
6936324
6936873
6936930
6937130
6937332
6937834
6937885
6938159
6939313
6940838
6942177
6942315
6942524
6943235
6943793
6945575
6946122
6946362
6946845
6947262
6947807
6948629
6948709
6948922
6950107
6950682
6951360
6952406
6952585
6953772
6956070
6956165
6956573
6960229
6960450
6960634
6961210
6961227
6963588
6965084
6965944
6966945
6968677
6971085
6971112
6971394
6971484
6971826
6973038
6973087
6973548
6975363
6975681
6976041
6976880
6977153
6977322
6977462
6977500
6979171
6979618
6979824
6980171
6982204
6983367
6984718
6984919
6985787
6985965
6986172
6986252
6986853
6988038
6988267
6988397
6989505
6990024
6991571
6991966
6992613
6993647
6995516
6996167
6997915
6998988
7003512
7004669
7005454
7005494
7005780
7008100
7009005
7010468
7011070
7013190
7013686
7013844
7015091
7017254
7017528
7017644
7020275
7020287
7021273
7021500
7022505
7024479
7024623
7025502
7025885
7026080
7026706
7028280
7028811
7029041
7029180
7029368
7030415
7031548
7033159
7034230
7034856
7035066
7036722
7037738
7039019
7039430
7040187
7042242
7042687
7044313
7046931
7047012
7047658
7049482
7049689
7050906
7051329
7053603
7053864
7054782
7055546
7057846
7058596
7060713
7061035
7062009
7063722
7065988
7066414
7067585
7067760
7068129
7068370
7068824
7069992
7070223
7072951
7074160
7075291
7076769
7076897
7077470
7077470
7077865
7078342
7080818
7081406
7084782
7085298
7090150
7091601
7096336
7096411
7096748
7098372
7098646
7099935
7102003
7102761
7103461
7105018
7105476
7105757
7108014
7108188
7109353
7111742
7112808
7113518
7113636
7114302
7114842
7114936
7115594
7116283
7116600
7124157
7126571
7126604
7126833
7127704
7127708
7127939
7127953
7129685
7130281
7130393
7130528
7131624
7132844
7133260
7133395
7134413
7135514
7136323
7139570
7142713
7144838
7146071
7146653
7147398
7148112
7148464
7148909
7149664
7151310
7151357
7152351
7152384
7156563
7156998
7157372
7157667
7157769
7157913
7158522
7158577
7158921
7160317
7160543
7163298
7164706
7166265
7166781
7168820
7170263
7172061
7173442
7174489
7178332
7179197
7179405
7179658
7179931
7181414
7187237
7188869
7190260
7193502
7195423
7197677
7198774
7199407
7199943
7201060
7201163
7201300
7201990
7204225
7204780
7204924
7205783
7206214
7206336
7206468
7208935
7209827
7210368
7210451
7210959
7211432
7211931
7212305
7213208
7213308
7213620
7213688
7214668
7215074
7215375
7216129
7217719
7217899
7218054
7220374
7220852
7220863
7223625
7225580
7226204
7228857
7229844
7230489
7230675
7231596
7231752
7233097
7235177
7235254
7235552
7237472
7237770
7238390
7238575
7239073
7239245
7239538
7239862
7239953
7240216
7241958
7243023
7243244
7243512
7244526
7245439
7247704
7248083
7251156
7251740
7251916
7253330
7254871
7255309
7255372
7258025
7259355
7259426
7264065
7265211
7267412
7269271
7271240
7273241
7275159
7275430
7275817
7277077
7278209
7279528
7280551
7284681
7284999
7286563
7287499
7288669
7289456
7290011
7291191
7291439
7292894
7294091
7296328
7297118
7297967
7298004
7298779
7299358
7299809
7300291
7301526
7302319
7302506
7304430
7304457
7305520
7306326
7306920
7306978
7308022
7308222
7308749
7309135
7309631
7310987
7311197
7312327
7312845
7314272
7314421
7315793
7315870
7316940
7318054
7321301
7321497
7322013
7322354
7323335
7325253
7325476
7327263
7327900
7328878
7330339
7331268
7331308
7332299
7332303
7332675
7333043
7337148
7337966
7338954
7338979
7340949
7341448
7342079
7342486
7342743
7342857
7342977
7343565
7344390
7344678
7345228
7345938
7346341
7346693
7350016
7351212
7351421
7354877
7357747
7359366
7360582
7362938
7363764
7365886
7367064
7372732
7373202
7373875
7375488
7375687
7375690
7376190
7377240
7378653
7378972
7379148
7380010
7381928
7383027
7383652
7384199
7384969
7386509
7387175
7390383
7390511
7391570
7391975
7393373
7393466
7394324
7396141
7396210
7400348
7403843
7404940
7405381
7406324
7406638
7408350
7410116
7410348
7410575
7413369
7415769
7416464
7416717
7417927
7417989
7418966
7419728
7419928
7422017
7423584
7424394
7425097
7426679
7427456
7430849
7432262
7435487
7435536
7436910
7437015
7437264
7438112
7439138
7439704
7439706
7439949
7442867
7443564
7443813
7444700
7445414
7445884
7446253
7446637
7447974
7448107
7449181
7449723
7450576
7451059
7453719
7456443
7460635
7461404
7461770
7462038
7462483
7462533
7464014
7464406
7464487
7464897
7464948
7465824
7466009
7466685
7468471
7470600
7471239
7473270
7473565
7473724
7474433
7474461
7474960
7475950
7480702
7481264
7482230
7483878
7487859
7487955
7488216
7489251
7489494
7489767
7489935
7491038
7491487
7492081
7492527
7492617
7493006
7496196
7497320
7497387
7497768
7499926
7500127
7501162
7501318
7501491
7502544
7502963
7503634
7504457
7504557
7504696
7504742
7505216
7508523
7508913
7509179
7509890
7512302
7514023
7514096
7515354
7519161
7520404
7522026
7523726
7524343
7525553
7527592
7528501
7529120
7529530
7529550
7529954
7531581
7531949
7532113
7532747
7533833
7534967
7535141
7536962
7537052
7537483
7537573
7538516
7538801
7540896
7544535
7545072
7546272
7547931
7548327
7548354
7552891
7554439
7555309
7558808
7559354
7560030
7560111
7560258
7560801
7561993
7562631
7563059
7563615
7564837
7568820
7570642
7572667
7572740
7573789
7573842
7574391
7574628
7575019
7575384
7576512
7576792
7579199
7580797
7581128
7584036
7584118
7585545
7586545
7586545
7587410
7587697
7587742
7589610
7590860
7591329
7591569
7592825
7593181
7594079
7594911
7595001
7599062
7600122
7601233
7601541
7602793
7604064
7604246
7604389
7605605
7605938
7606919
7610642
7611534
7611941
7612970
7613456
7613719
7614100
7614834
7616094
7618160
7621813
7623335
7623583
7624721
7625268
7625432
7625738
7626363
7629055
7629724
7629814
7630183
7630249
7631490
7631936
7632530
7633223
7634022
7635177
7637734
7637766
7638898
7640208
7641360
7641492
7642370
7643899
7644345
7644595
7645900
7646269
7646324
7647508
7648018
7648175
7648903
7650987
7652147
7652259
7653818
7654672
7655396
7657886
7658088
7660150
7660230
7660707
7660791
7660977
7661522
7664290
7664540
7665316
7666764
7667014
7668689
7670121
7671025
7671178
7671852
7672513
7672985
7673555
7673562
7675220
7677583
7679144
7679324
7681186
7682609
7683066
7684148
7684731
7685251
7685726
7686430
7687234
7688969
7692426
7694412
7694736
7695242
7695508
7695617
7696886
7698880
7699233
7700649
7701446
7702219
7702363
7702854
7703946
7706216
7706330
7706533
7707716
7710694
7710996
7711800
7713225
7713352
7714058
7714430
7714619
7718855
7720717
7721626
7721835
7723949
7725963
7726817
7727262
7727506
7729006
7729150
7730227
7732110
7732391
7733442
7735420
7736443
7736636
7736741
7737264
7738572
7739186
7739315
7739739
7740698
7740938
7745948
7746399
7749019
7749331
7750180
7750446
7750555
7751183
7751564
7752255
7752422
7752751
7754762
7758186
7758553
7758693
7758929
7759276
7759455
7762089
7763339
7764473
7764566
7764794
7764834
7765205
7765229
7765313
7766369
7767373
7767538
7768361
7768933
7768951
7769647
7771415
7771674
7771850
7771919
7772338
7772410
7772590
7773951
7774098
7774540
7775358
7776227
7776499
7777586
7777731
7778129
7779442
7780186
7780447
7783976
7785320
7785993
7786189
7786798
7789682
7790248
7790663
7792278
7792472
7794001
7795578
7798501
7800035
7800529
7801905
7803504
7804085
7804343
7806635
7807116
7807714
7808717
7808874
7808895
7810158
7810449
7810469
7811170
7812819
7813136
7813245
7813380
7815229
7815836
7816875
7819626
7819722
7819908
7820256
7821951
7822381
7822743
7823069
7823336
7823986
7825018
7825984
7827132
7827267
7828659
7829440
7832081
7832193
7832456
7832681
7833899
7834547
7835976
7838897
7839106
7841909
7842867
7843580
7846566
7846673
7846711
7846762
7849300
7850316
7852052
7852593
7852820
7854155
7855793
7858402
7860494
7860687
7860745
7861184
7861244
7862930
7864595
7864845
7865579
7865843
7868082
7868764
7869096
7869412
7869577
7871804
7874427
7876385
7876641
7878680
7879518
7880709
7881200
7881273
7882314
7883898
7883968
7885072
7885701
7886364
7886879
7887546
7888031
7888295
7888922
7889860
7889967
7891099
7891244
7892265
7892594
7894100
7894286
7896104
7896745
7898761
7902192
7903547
7904166
7904553
7904672
7906433
7908063
7908434
7908751
7909532
7909932
7910379
7911014
7913583
7913865
7914389
7916964
7919707
7921202
7921545
7922972
7925352
7925707
7926758
7927426
7927485
7928205
7928789
7929363
7929736
7932360
7933019
7933946
7934122
7934333
7934916
7935272
7936543
7936723
7938588
7940183
7941520
7946714
7946877
7947137
7949361
7949505
7950474
7950577
7950648
7951787
7953169
7953431
7954187
7956032
7957133
7959539
7960814
7961545
7961826
7963199
7963692
7963697
7965431
7965599
7966347
7967862
7968762
7970411
7971358
7971713
7971966
7973739
7974907
7976727
7977254
7977669
7977894
7978823
7979678
7980520
7981815
7982957
7983175
7985071
7986434
7986943
7989306
7990754
7991124
7991475
7991950
7992814
7994148
7994475
7997473
7998280
7999148
7999754
8001589
8004329
8006393
8006979
8008236
8010130
8011089
8012247
8012347
8012479
8013509
8014988
8015004
8015523
8015539
8015974
8017138
8017376
8023288
8024617
8028124
8028306
8029637
8030595
8032759
8033619
8033743
8035107
8035649
8036293
8036843
8041158
8041242
8042249
8042316
8043304
8043670
8043780
8045814
8049078
8049096
8050358
8050937
8052198
8052394
8056475
8059132
8060634
8060740
8062718
8065752
8066734
8069295
8069467
8069496
8070377
8071315
8071720
8072709
8072711
8072823
8073481
8073871
8074905
8075228
8075408
8076609
8078215
8079708
8080913
8081036
8081753
8084991
8085076
8088448
8088944
8089543
8090863
8092422
8092790
8094175
8096370
8098704
8098898
8100664
8102785
8103347
8104503
8105381
8108789
8109287
8110359
8111261
8111514
8112973
8113564
8114577
8115017
8115146
8115177
8115372
8117861
8118709
8118867
8119474
8121375
8122505
8124496
8126295
8127332
8127358
8129820
8134307
8134441
8135883
8137740
8138268
8139192
8139397
8139574
8140512
8140998
8141001
8147436
8148729
8148751
8149086
8150786
8153012
8153245
8153338
8153782
8154161
8155210
8156794
8157022
8157258
8161904
8162865
8163854
8165338
8166817
8168551
8168640
8170237
8170333
8171286
8171898
8172465
8172557
8173720
8176387
8176478
8176648
8176715
8177014
8178102
8178691
8179493
8179927
8182329
8182695
8188228
8188869
8192237
8193478
8193674
8193916
8195091
8196974
8197557
8197569
8197727
8197981
8199606
8200063
8202088
8204251
8206221
8206415
8206632
8208296
8208565
8208708
8209933
8210812
8211252
8211476
8211995
8213036
8216739
8216798
8217622
8220244
8220586
8222752
8224474
8224671
8224900
8225290
8226929
8227308
8227325
8228367
8228914
8232313
8232843
8234947
8238101
8238826
8239341
8240374
8241212
8242311
8245063
8246165
8247142
8247401
8248444
8249072
8249228
8250105
8250109
8250303
8250617
8250888
8250909
8253013
8253099
8253468
8254717
8257459
8258716
8258859
8260795
8262661
8263744
8264634
8265404
8266335
8266446
8266581
8267116
8267117
8268340
8269589
8269676
8271456
8271757
8272684
8274944
8275299
8275826
8276598
8276826
8278509
8281036
8283053
8284555
8287270
8287326
8288057
8288305
8289029
8293565
8293827
8296649
8297483
8297989
8298652
8298910
8299211
8300427
8301826
8302429
8303099
8303573
8304027
8304421
8304623
8306195
8307472
8308352
8309725
8310916
8311230
8311359
8311632
8311934
8311996
8312627
8313163
8313708
8316504
8316690
8316889
8317061
8317258
8317965
8319864
8320597
8321176
8322310
8324886
8324942
8325012
8325337
8325724
8326817
8327052
8328876
8331163
8331169
8331463
8331629
8332957
8334813
8334815
8335678
8335784
8335969
8336077
8339104
8340293
8343189
8345259
8345648
8345654
8346128
8346915
8347752
8347758
8349124
8349332
8350545
8352127
8352772
8353174
8355137
8356422
8357698
8358195
8359952
8361962
8362467
8362922
8365254
8365787
8366091
8367302
8367717
8368772
8369650
8369994
8372170
8372243
8373166
8377099
8377302
8377324
8377519
8377954
8378020
8378902
8380915
8381799
8382361
8382585
8382651
8387984
8388362
8388970
8389092
8389439
8389495
8390201
8390282
8390647
8391443
8393471
8394454
8394516
8395806
8396034
8396224
8397526
8398044
8398592
8403017
8403472
8404728
8404757
8406041
8407521
8410255
8410402
8411663
8413987
8414692
8417125
8418388
8418459
8419173
8419330
8421529
8423715
8424434
8426473
8427142
8428795
8429468
8429825
8430094
8430656
8431563
8432086
8433385
8434468
8435379
8436052
8437044
8437285
8437846
8439372
8441324
8442607
8442821
8442946
8444439
8446478
8451345
8452448
8453341
8454587
8455094
8456947
8457206
8457327
8457801
8458100
8460827
8461936
8465091
8465637
8466207
8466464
8466765
8466999
8467606
8469372
8469484
8470821
8472943
8474617
8475155
8475615
8476188
8477706
8478108
8478195
8479145
8479471
8479595
8480004
8480778
8486334
8487543
8487955
8489047
8491913
8492471
8492777
8494107
8494827
8497104
8498699
8498717
8498962
8499088
8499262
8499753
8501037
8503400
8503432
8503888
8505439
8506781
8507122
8507310
8507811
8507995
8508219
8509154
8512288
8512613
8513015
8513092
8514462
8514694
8514845
8518056
8518736
8518740
8519429
8520075
8520818
8520939
8522962
8524468
8525910
8528130
8528709
8528735
8528940
8531390
8533059
8533285
8534312
8535139
8537525
8539414
8540126
8540367
8540759
8540782
8541582
8542058
8545434
8545847
8546548
8546730
8549134
8549581
8550770
8551500
8553846
8555387
8555985
8556050
8556762
8557729
8559794
8561173
8564175
8564687
8565977
8568257
8568551
8569339
8569489
8570389
8575125
8575228
8575256
8576073
8576269
8577683
8578379
8578888
8581708
8581790
8583443
8584409
8584433
8585536
8586332
8586763
8587701
8588319
8590371
8591452
8592359
8592941
8593508
8593886
8594751
8595512
8597292
8597834
8598449
8600155
8600269
8600292
8600972
8603818
8603837
8604912
8605242
8606148
8606826
8607396
8609160
8609303
8610716
8612563
8613600
8613867
8614028
8614959
8617157
8618038
8618360
8619325
8619878
8621258
8622369
8623628
8626972
8629661
8629674
8629801
8631944
8632342
8634319
8635813
8636071
8636981
8637500
8638499
8638516
8639473
8641577
8641668
8641768
8641986
8642500
8642565
8642854
8643839
8645214
8645678
8647107
8647664
8648002
8648672
8649375
8653312
8653581
8655572
8655827
8656732
8657670
8659068
8660331
8662188
8663894
8665064
8665901
8666733
8666896
8668843
8669955
8670180
8670361
8670525
8674458
8674486
8675434
8675968
8677583
8677732
8678395
8678808
8679061
8679884
8680211
8680425
8680561
8681792
8682731
8683155
8683171
8684748
8686842
8687017
8687499
8687889
8688708
8689353
8689688
8689796
8690270
8691368
8691551
8694669
8696769
8696795
8699060
8701467
8703815
8704778
8705559
8705863
8707093
8708588
8709282
8709328
8709334
8709413
8713093
8713175
8713737
8714367
8715312
8717780
8718715
8718951
8719285
8719501
8719597
8719991
8720719
8721252
8722783
8723175
8723974
8724864
8725879
8726250
8727616
8728189
8728382
8728833
8729337
8729493
8729615
8729977
8733624
8734165
8734291
8736268
8738165
8740803
8741045
8741766
8742033
8742105
8743625
8744014
8745245
8746920
8748528
8748689
8748978
8751911
8753844
8754392
8754642
8756650
8757613
8757865
8759236
8761965
8763271
8765102
8768207
8768509
8768569
8769713
8771533
8771874
8772495
8773848
8774116
8775906
8776524
8779005
8779724
8779957
8780356
8781666
8783527
8786194
8788325
8788442
8791103
8791167
8792337
8792412
8794029
8794577
8796294
8796697
8796856
8797362
8797537
8798101
8798165
8798183
8798184
8802158
8802914
8804986
8805271
8805742
8806639
8807016
8807560
8808275
8809998
8812273
8814467
8814819
8815011
8815047
8815639
8816532
8816685
8816704
8816893
8817498
8817531
8818530
8819044
8819287
8819507
8820184
8821307
8825191
8827002
8828969
8830164
8832235
8832341
8832377
8832926
8833128
8833635
8836173
8837074
8837362
8838203
8839239
8839434
8839496
8842129
8842428
8844665
8846058
8847317
8847463
8848924
8849709
8850124
8850752
8851713
8851871
8852239
8855355
8856017
8857647
8859127
8859895
8859974
8860126
8862561
8862693
8863065
8863247
8864686
8864884
8868871
8870821
8872354
8873792
8875634
8876517
8877812
8878295
8881494
8883899
8884840
8886179
8887129
8887135
8890267
8892413
8892768
8893305
8894341
8895542
8896264
8896436
8896944
8897059
8897202
8897464
8898057
8898713
8899581
8900866
8902585
8903115
8904996
8905289
8905464
8908616
8908634
8909512
8910336
8910379
8910462
8910695
8912741
8913202
8913703
8915062
8915834
8915957
8916118
8916244
8916588
8918077
8921234
8922471
8923055
8923474
8924052
8924264
8924356
8924576
8925293
8925502
8925702
8926510
8929432
8930166
8930718
8931063
8932304
8933148
8936902
8937481
8937812
8939325
8940278
8941129
8941913
8943247
8943399
8943430
8943886
8945341
8951666
8951714
8953415
8954546
8956753
8958575
8959570
8961195
8961305
8962304
8963412
8963481
8964038
8970408
8971335
8972000
8973284
8975487
8975735
8976439
8976764
8977145
8978676
8980080
8980489
8980757
8982032
8983617
8983851
8985705
8985942
8986125
8986775
8987242
8988318
8989385
8989430
8990108
8990322
8993180
8993986
8994431
8994961
8995770
8996815
8997009
8997414
8998261
8998907
8999040
9000593
9000833
9005554
9009548
9010359
9012241
9013527
9015273
9017072
9017525
9017956
9019844
9021863
9022614
9023155
9023271
9023761
9024167
9024222
9027055
9028475
9028713
9030269
9030324
9030840
9031275
9031345
9031438
9032148
9032784
9033756
9035479
9037238
9038069
9038628
9039477
9040726
9041580
9041886
9043325
9043586
9043877
9044787
9045701
9047133
9048647
9051263
9051493
9053831
9054273
9055942
9060063
9060485
9062313
9063274
9063599
9063796
9065275
9066565
9066579
9067924
9068432
9069488
9069718
9070939
9072688
9073523
9073606
9073909
9075115
9075260
9076193
9078589
9080171
9080342
9083085
9084733
9084961
9085329
9085681
9086834
9087345
9087438
9091833
9092689
9093547
9094536
9096395
9096697
9097440
9098555
9100891
9100983
9101431
9101601
9102120
9102436
9103007
9103691
9103780
9106140
9106470
9106924
9106937
9107240
9108142
9109154
9109448
9110151
9110161
9113228
9113666
9113715
9114896
9115679
9117650
9118494
9118778
9120745
9121539
9121770
9122281
9126155
9128241
9128273
9128996
9130010
9130792
9130971
9131379
9132818
9133184
9133734
9134231
9134295
9137342
9138282
9139105
9139278
9140205
9140906
9142406
9142607
9143431
9145891
9148829
9150021
9150360
9151233
9152665
9154652
9154739
9155105
9156031
9157639
9157811
9159233
9159893
9159969
9160057
9160976
9164419
9164524
9167315
9168161
9168619
9168751
9171079
9171720
9174103
9175593
9179234
9179943
9180374
9180918
9183251
9183304
9184796
9185066
9185186
9185779
9185969
9186124
9186872
9187539
9187807
9188235
9189784
9190101
9192612
9193566
9195139
9195473
9196676
9196870
9197397
9197574
9198492
9200114
9201806
9201975
9202918
9203935
9204171
9205048
9210555
9210713
9210978
9211227
9211477
9211837
9211913
9213410
9214171
9214609
9216071
9216787
9217877
9218107
9219585
9222219
9223713
9223994
9224608
9224857
9226433
9226465
9227873
9229201
9229932
9230363
9230844
9231042
9231051
9231217
9231589
9232868
9233534
9233816
9235734
9236597
9238263
9238333
9238529
9239172
9240362
9240516
9240774
9241381
9242035
9242224
9243140
9243344
9244088
9245125
9246979
9247786
9247925
9249613
9252736
9254864
9258024
9259384
9260830
9262653
9262836
9263898
9264369
9269619
9269683
9269958
9270244
9270399
9271979
9272442
9273741
9274039
9274047
9276246
9276994
9277255
9278166
9278486
9278994
9279509
9281521
9282711
9283666
9283840
9285742
9286544
9288421
9289082
9289674
9289878
9291655
9292784
9293275
9293693
9294074
9294553
9299679
9302546
9303333
9306288
9309887
9311573
9311586
9312746
9312765
9314461
9320204
9322628
9322954
9323336
9324555
9324667
9325413
9326029
9327553
9327879
9330937
9330994
9331214
9332100
9332315
9334418
9334904
9335427
9335524
9335933
9338377
9338563
9338866
9339037
9339487
9339516
9339669
9340110
9340414
9345879
9346034
9346297
9349676
9351210
9352356
9352944
9353584
9355101
9358232
9358308
9359040
9359462
9361272
9361332
9362892
9364430
9365059
9365948
9366190
9366989
9368424
9370380
9371043
9371086
9372180
9372393
9373527
9374645
9374705
9376262
9376277
9376372
9379281
9383874
9386271
9388890
9389473
9389517
9390127
9391214
9392586
9393518
9396767
9397430
9398222
9398585
9399772
9399908
9401640
9401824
9402106
9404160
9404941
9405016
9406823
9407677
9408242
9408703
9409750
9410189
9411857
9412873
9414556
9414650
9416261
9416311
9416332
9418830
9419152
9419845
9419903
9420625
9422755
9424923
9431734
9432553
9433392
9434522
9435117
9436315
9436481
9436710
9437206
9438063
9438131
9438910
9441328
9441535
9442924
9443675
9445544
9447502
9449092
9452461
9452466
9452532
9452698
9452841
9452845
9454999
9455347
9455483
9457828
9458859
9460339
9460687
9461452
9461692
9464074
9465858
9466942
9467015
9467151
9467407
9469023
9469284
9469692
9470007
9470939
9471681
9471786
9472069
9472619
9473361
9473812
9476225
9476293
9478408
9478759
9478791
9479886
9481435
9481613
9481750
9482168
9482743
9482838
9482907
9483004
9485077
9485292
9485836
9490019
9492377
9492585
9493201
9496302
9497445
9499347
9500831
9501365
9504074
9504163
9504612
9504685
9504997
9505081
9508303
9509988
9510352
9510640
9511345
9514223
9514898
9514927
9517088
9517174
9517481
9517808
9518488
9518846
9521388
9524073
9524155
9525016
9526930
9527512
9527850
9528040
9529254
9531059
9532994
9533677
9533719
9533956
9534832
9534937
9535819
9536059
9537165
9537172
9538746
9539282
9541576
9541987
9543261
9543273
9543677
9547625
9548075
9555575
9556148
9557965
9558658
9559742
9560788
9562293
9564708
9566332
9567238
9568203
9568872
9569517
9569568
9570158
9570217
9571294
9571410
9573631
9573965
9575736
9577616
9578486
9579117
9579535
9582697
9582981
9586431
9586541
9586680
9588129
9588991
9589016
9592251
9592440
9592826
9593215
9593344
9594490
9594910
9597542
9598726
9599214
9600030
9600428
9600913
9601373
9602552
9603660
9604665
9604751
9604925
9606554
9608295
9610879
9612351
9612398
9612496
9612781
9612869
9613047
9617799
9619159
9619212
9619820
9619863
9620394
9623782
9624116
9624296
9625516
9626603
9627577
9629978
9630718
9630872
9633992
9634966
9635019
9637470
9638178
9639402
9640223
9641320
9643980
9644765
9646240
9648781
9648896
9649333
9650594
9650693
9650823
9651733
9652087
9653296
9653508
9654148
9654998
9655673
9658892
9658902
9659992
9660147
9660393
9662034
9662618
9665463
9666411
9666596
9666609
9667708
9668703
9669445
9669620
9670350
9670683
9672731
9681331
9681617
9681968
9682906
9683666
9683698
9684077
9685393
9685609
9686707
9687725
9687876
9688984
9689400
9690204
9690298
9692168
9692199
9692679
9693830
9694433
9694449
9694766
9695321
9695702
9696718
9696865
9700595
9700923
9703249
9704005
9704703
9705539
9705729
9706782
9707315
9707992
9708360
9709313
9710503
9710550
9711206
9711259
9711832
9711862
9714132
9714888
9714985
9716339
9716439
9718509
9719317
9719426
9720499
9723387
9724530
9725025
9725269
9725325
9725965
9727401
9728233
9728806
9730601
9731792
9733175
9734013
9734045
9734655
9737428
9737565
9742805
9743699
9744153
9748227
9748711
9749256
9750491
9750976
9751513
9752688
9754538
9755540
9755879
9756629
9757700
9758719
9762289
9762572
9762971
9763289
9764057
9764933
9765444
9765581
9766136
9767316
9769057
9769986
9770152
9770689
9770908
9770967
9771369
9771584
9772554
9773128
9773942
9775352
9775418
9778097
9778310
9778575
9779009
9780182
9780324
9781149
9781853
9782517
9782884
9788425
9788757
9789028
9792664
9793192
9793523
9793556
9794069
9794762
9795200
9796365
9796570
9796658
9797345
9798518
9802405
9803662
9804029
9804303
9805373
9806249
9806725
9808243
9809051
9813215
9814363
9814439
9815399
9815510
9816048
9819038
9819888
9821377
9821753
9822980
9825005
9825836
9826422
9828810
9830601
9830705
9832778
9833065
9833926
9834190
9834941
9837533
9838310
9838356
9839885
9840421
9840592
9841378
9841797
9841885
9842796
9843986
9844387
9844919
9847251
9847343
9847353
9847533
9848093
9849004
9850219
9850838
9853089
9855013
9857967
9858576
9858712
9858796
9858889
9862375
9863130
9863275
9865542
9867907
9869068
9869430
9870303
9872864
9873892
9875493
9878602
9883399
9884032
9887038
9888513
9888597
9888860
9888945
9889164
9891248
9891523
9893980
9895913
9897294
9897522
9897706
9899286
9899342
9901209
9902183
9902412
9903555
9905077
9905557
9906248
9906371
9906723
9907279
9910217
9912050
9912062
9912279
9913775
9915279
9916538
9916745
9917731
9917747
9918552
9919424
9919655
9920591
9921705
9922398
9923483
9923707
9924043
9925553
9927409
9927634
9928112
9928566
9929421
9929563
9929906
9930280
9931757
9933523
9936241
9936378
9938272
9938345
9938588
9938769
9941402
9941581
9942353
9942579
9942778
9943375
9944807
9948089
9949511
9949821
9950072
9951501
9951566
9953511
9953534
9953572
9954159
9954293
9954612
9958123
9958921
9959470
9961923
9962686
9962865
9963935
9964118
9964518
9966073
9968731
9968902
9969854
9973362
9974544
9975284
9975436
9976798
9978114
9978201
9979938
9980142
9980668
9982258
9984905
9985484
9986454
9987144
9987695
9991237
9991250
9992002
9993381
9993584
9994230
9994727
9995124
9995179
9997088
9998392
9998429
9998807
9998912
