EN605.202.81 Data Structures, Spring 2017, Lab #4
Submitted by Tom Atwood, May 2, 2017

Processing time for the sort to be run: 1543661 ns

Results:
0
0
1
1
1
2
2
2
3
4
5
6
8
8
8
8
8
8
9
9
9
9
11
12
12
13
13
15
16
16
17
17
19
19
20
20
21
23
23
25
25
25
25
26
28
29
29
29
30
30
30
30
31
32
33
33
33
34
34
35
35
36
37
37
38
39
39
39
39
40
41
41
42
42
42
43
43
43
43
44
44
45
45
46
46
46
47
47
47
47
48
49
49
49
49
49
50
51
51
51
51
53
53
53
53
53
53
53
56
56
56
58
59
59
59
59
60
61
61
62
63
63
64
65
66
67
68
69
70
70
70
70
72
73
73
73
74
76
77
77
78
78
78
78
79
80
80
81
82
82
83
83
83
84
84
85
86
86
87
87
87
87
88
88
88
88
88
89
89
90
90
90
90
90
90
91
91
92
92
92
93
94
94
94
95
95
95
96
97
99
99
101
102
103
103
104
104
105
105
105
106
106
106
106
107
108
108
109
109
109
111
111
112
113
114
114
114
114
115
115
116
116
116
116
117
117
117
119
120
120
120
120
120
120
120
120
121
121
121
123
123
124
124
124
125
126
126
127
127
128
129
129
130
131
131
131
132
133
133
134
135
135
135
136
136
136
137
139
139
139
140
140
140
141
141
141
142
142
142
142
143
143
144
144
144
144
145
145
146
146
146
147
148
148
149
149
150
150
150
150
152
152
153
153
154
154
155
155
156
156
158
158
158
159
159
159
160
160
160
160
161
161
164
164
164
165
166
166
167
167
167
167
168
168
168
170
171
171
173
173
173
173
174
174
175
175
175
176
176
177
178
178
179
179
181
181
182
183
183
183
184
186
187
187
188
188
188
188
190
190
190
190
191
191
192
192
192
193
193
193
193
195
195
196
199
200
200
201
202
202
202
203
203
204
205
205
206
206
206
206
207
207
207
207
208
210
210
210
211
211
212
212
212
213
214
214
215
216
216
216
216
218
218
218
218
219
219
219
220
220
220
221
221
221
221
222
222
223
223
223
223
224
224
224
225
225
226
227
227
228
228
229
229
230
230
231
231
231
232
232
232
232
233
233
233
234
235
236
237
237
238
238
239
239
240
240
240
241
241
241
243
243
244
245
245
245
246
246
247
247
247
247
248
248
248
248
249
249
250
250
251
251
251
253
254
254
255
255
256
256
256
256
257
257
257
257
258
259
259
259
260
260
260
260
261
262
262
263
263
264
266
267
267
269
269
270
270
270
270
270
270
271
271
272
273
274
275
275
276
276
276
276
278
281
281
281
282
283
284
284
284
284
285
286
286
286
286
287
288
289
289
289
290
290
291
292
292
292
292
292
293
293
294
294
294
295
295
295
295
296
296
296
297
297
298
298
298
299
299
301
301
301
302
302
302
304
304
304
305
305
306
306
308
309
309
311
312
313
313
314
314
315
315
315
315
315
316
316
317
317
318
318
318
321
321
321
322
322
323
325
326
326
326
326
327
328
328
328
328
329
330
330
330
330
330
330
331
331
332
334
334
334
335
335
336
336
337
337
337
337
338
339
339
339
340
340
342
342
342
343
344
345
346
347
347
347
348
348
348
348
349
350
350
351
351
351
352
352
353
353
353
354
354
354
354
355
356
356
356
356
356
357
358
359
359
359
359
360
361
361
361
363
363
363
364
364
364
364
365
367
367
367
367
368
368
368
369
369
369
370
371
371
371
372
373
373
374
374
374
375
375
376
376
378
378
379
380
380
380
381
381
381
381
382
382
383
383
384
384
384
385
386
387
388
388
388
388
388
390
390
390
390
390
391
391
391
392
392
392
392
393
393
394
394
394
395
395
395
395
395
396
397
398
400
400
400
400
400
401
401
402
402
403
403
405
405
405
405
406
406
406
407
407
408
408
408
409
409
409
410
411
411
411
413
413
413
415
415
415
415
415
416
416
416
417
417
417
417
419
419
419
419
420
420
421
421
423
424
424
426
426
427
427
427
427
427
428
428
428
430
430
431
432
433
433
434
435
435
435
435
436
436
437
437
439
441
441
442
442
442
442
443
443
444
445
448
448
450
450
451
451
453
453
453
454
455
455
456
456
456
457
458
458
459
461
461
461
462
462
463
464
465
466
466
467
468
468
468
469
469
470
470
470
470
471
472
472
472
472
473
474
474
475
475
476
476
476
477
477
478
478
478
479
479
480
481
482
482
482
482
483
484
484
484
484
485
486
486
486
487
487
487
487
487
488
489
489
489
489
491
492
493
493
493
493
494
497
497
497
497
498
499
500
500
501
501
502
502
503
503
503
503
504
504
504
505
506
506
507
508
508
508
509
509
510
510
511
511
511
513
514
515
515
516
516
516
516
516
517
517
517
518
518
518
519
519
519
520
520
521
521
522
522
523
523
523
524
524
524
524
525
526
527
527
528
528
528
528
528
529
529
530
531
531
531
532
533
533
534
535
535
537
537
537
537
537
538
539
539
540
540
540
541
541
542
543
543
545
545
545
546
547
548
548
549
549
549
551
551
552
552
553
553
553
553
553
553
555
555
555
555
557
557
558
558
558
559
560
560
560
561
561
561
562
562
562
563
563
563
564
565
565
565
566
566
566
567
567
567
570
570
570
571
571
572
573
573
574
574
574
574
574
574
575
575
576
576
577
578
578
578
578
578
578
579
579
579
580
581
582
583
584
584
584
584
585
586
586
587
589
590
590
590
591
591
591
592
593
593
594
594
596
597
597
598
598
598
600
600
601
601
602
603
604
604
604
604
605
605
606
607
607
607
608
608
609
609
609
609
609
611
611
611
611
611
612
612
612
614
614
614
615
617
617
617
617
617
618
620
622
623
623
624
624
624
624
624
624
624
625
625
625
625
626
626
626
627
628
629
629
630
630
630
631
632
633
634
635
636
636
637
637
639
639
639
640
640
641
641
641
641
641
642
642
642
643
643
643
643
644
644
645
647
647
648
649
649
649
649
649
650
651
651
651
652
652
653
653
653
654
655
656
656
656
657
657
658
659
660
661
661
661
661
662
662
662
663
663
663
665
666
667
668
669
669
670
670
672
672
673
673
673
673
673
673
674
674
674
674
674
675
675
676
677
677
678
678
678
679
679
680
681
681
681
681
681
682
682
682
683
684
684
684
684
685
686
687
687
688
689
689
689
689
691
692
692
692
693
693
693
693
693
694
694
696
697
697
699
699
700
701
702
703
703
703
704
705
706
707
710
711
712
712
712
712
713
713
714
715
715
715
715
716
716
717
717
717
717
718
718
719
719
720
720
720
721
722
722
722
722
725
726
726
727
727
727
728
728
729
730
730
730
730
731
731
732
732
733
733
734
734
734
734
737
738
739
739
740
740
740
741
741
741
742
742
743
743
743
744
744
744
745
745
745
746
746
746
746
747
747
748
749
750
751
751
751
752
753
753
754
755
757
757
757
757
758
758
758
759
759
760
760
760
761
761
762
762
763
764
764
766
767
767
767
767
767
768
768
769
770
771
771
772
772
773
773
774
775
775
775
776
777
777
777
777
778
778
778
778
779
779
779
779
780
780
780
780
781
782
782
783
783
783
784
784
784
784
784
786
786
788
788
788
788
789
790
790
791
791
791
791
792
792
793
793
794
794
795
795
795
795
796
796
796
797
798
798
799
799
799
800
800
800
802
802
802
802
805
805
809
810
810
810
811
812
812
812
813
813
814
814
814
815
815
815
816
817
817
818
818
818
819
819
819
821
821
822
822
822
823
823
823
824
824
824
824
825
825
826
827
828
829
831
831
831
832
833
833
833
833
833
835
835
836
836
837
837
837
838
839
839
840
840
840
840
840
842
842
842
843
843
843
843
844
844
845
845
845
846
847
847
848
849
849
850
850
850
850
850
851
852
852
852
852
854
855
855
856
858
858
859
859
860
861
862
863
864
864
864
864
865
866
866
866
867
868
868
869
869
870
870
871
871
873
874
874
874
874
874
875
875
875
876
876
877
877
878
878
878
878
879
879
879
879
879
879
880
880
880
880
882
882
882
882
883
883
884
884
885
886
886
888
888
889
889
891
891
892
892
892
892
892
892
893
893
893
893
893
894
894
895
896
896
896
897
897
899
899
899
900
901
901
902
902
902
903
903
903
903
905
905
905
905
905
905
906
906
906
906
906
907
907
907
908
908
908
909
910
910
912
913
914
914
914
914
914
915
915
915
915
916
916
916
917
918
918
919
919
919
919
920
920
920
920
921
921
922
922
923
923
923
924
924
924
925
925
926
926
927
927
927
928
929
929
930
930
931
931
931
931
932
932
933
933
933
934
936
936
937
937
937
938
939
939
939
940
941
943
944
945
945
945
945
946
946
946
947
947
948
948
949
949
950
950
951
951
951
952
953
953
953
954
954
955
955
956
956
956
957
958
959
960
961
961
961
962
963
963
963
963
964
964
964
964
964
965
965
966
966
966
967
968
968
969
969
970
970
970
971
971
972
972
973
973
973
975
976
977
978
979
979
980
980
980
981
981
982
982
983
984
985
986
987
987
987
989
991
991
991
992
993
993
993
994
994
995
996
996
997
998
