EN605.202.81 Data Structures, Spring 2017, Lab #4
Submitted by Tom Atwood, May 2, 2017

Processing time for the sort to be run: 1913075 ns

Results:
2354
2661
4085
8241
8916
13042
13174
14206
18220
19372
24844
25104
26018
26208
28446
28552
30205
34256
36456
36530
37690
40437
45208
46278
51294
53979
57512
59344
61528
63497
63882
64253
69855
70984
71688
72217
80697
81303
82783
85793
86434
88762
90587
99922
100142
105728
107298
108716
109577
110881
112016
113172
113639
113800
115677
115779
116967
117079
118092
120449
128401
131624
135650
136602
136798
137873
139143
143929
145852
147163
149029
149690
153939
154564
155183
156960
159363
162087
162617
165393
169478
169612
174945
177056
180413
186178
187472
187911
190529
192617
193827
196051
203007
206343
206644
214264
214866
215116
216000
219278
219692
223453
226484
226974
228233
229180
233442
234302
234533
235633
236809
237518
242800
243398
245410
245855
248707
249206
249642
249964
254986
257446
261571
261634
261892
264703
265042
265867
266839
275791
277521
279271
280212
283314
283654
287582
289333
291623
291750
293008
294164
295485
298553
299625
299854
306984
307411
309241
314959
320727
323348
323911
326538
326996
327607
328110
330172
330413
333906
337503
337862
339683
342871
346169
349823
353285
354814
356595
356724
359121
362208
363766
365406
365990
369958
373201
373352
373355
374059
374431
376919
377481
378331
382098
385090
386907
391315
399646
400130
400444
405300
409271
415314
415903
417501
417938
421842
423181
423215
423590
430591
434882
435283
438612
439811
440533
444418
445445
445605
447923
448819
450315
451619
456977
457125
461049
462428
463775
465150
466103
466206
466605
467654
473430
474964
476195
482393
483364
484643
484747
486522
486790
488877
489450
490069
492578
493691
496269
503554
504543
505552
506946
510870
511059
511197
512665
513054
513331
513664
516660
517280
518678
521001
522707
530485
532797
538314
538701
541092
541477
544309
544318
544781
551091
553124
556646
558267
560019
562522
562684
568873
571586
572517
572856
579608
582494
582702
582820
586887
587442
587521
588566
597012
600882
604120
606691
608892
609001
611197
611265
612150
616003
616209
616830
623778
625139
632696
632698
633226
635163
639231
640178
643627
647351
647835
648274
651091
655452
661839
667534
668891
674206
675533
675872
676731
681537
681827
682805
684077
687499
691966
692264
692444
698856
702263
704306
707025
708697
708936
709432
710559
722106
723712
725044
726229
726908
727133
730533
731467
733937
734817
734928
737559
740245
741249
742579
743063
743731
744401
745469
746696
747882
748197
749040
751590
751942
754750
761345
764626
764862
766914
768687
768851
769112
772613
777421
778154
778974
781230
782805
783286
783766
783940
787291
787736
793580
794075
794611
795966
796807
800204
800800
801586
801886
802280
805850
806082
806482
810986
811233
811803
812347
812348
816113
817365
825294
827687
830547
831669
832330
832542
837329
838668
840982
844793
844795
845788
846086
848256
848611
849810
852632
853866
855781
862063
862426
862689
867056
871239
871416
872508
872701
874063
876966
877263
878746
879073
879203
882458
884427
888347
888989
889890
890390
892251
896565
899115
899388
903633
904243
908969
909490
909743
912611
914745
916913
916957
918451
921555
921704
926719
928054
928916
930481
932769
935941
939737
939827
946736
951462
957558
959010
959434
961442
963395
967108
967422
968546
970521
972699
972931
973326
973888
976612
980166
982731
986595
987191
991423
995844
997488
999751
1001485
1003769
1004101
1007100
1007833
1009500
1011241
1012191
1021215
1023419
1026796
1031672
1035315
1038938
1040158
1040811
1043149
1043488
1043575
1044524
1047044
1050540
1050691
1051014
1051606
1057499
1058458
1060911
1061361
1064270
1065058
1070562
1081192
1083374
1084797
1085976
1089336
1090234
1093642
1094616
1096304
1098443
1100452
1101400
1101889
1102132
1102366
1103761
1107832
1109788
1109848
1114508
1115709
1130828
1131276
1132455
1138539
1148547
1149121
1149423
1151467
1151870
1153937
1154192
1155866
1156258
1158056
1163664
1163945
1163991
1164591
1165124
1165489
1166286
1167058
1168253
1168339
1170312
1170331
1172270
1177029
1177787
1179885
1182532
1184188
1185887
1186507
1187324
1188450
1190018
1191553
1193528
1193643
1194658
1197623
1198351
1198673
1203891
1205556
1208241
1211510
1212080
1212986
1213629
1215279
1217141
1220113
1220969
1221138
1223643
1225466
1225620
1226027
1231038
1231537
1232807
1232915
1234383
1237517
1237896
1239357
1239467
1239788
1240914
1242637
1243726
1245319
1245913
1246604
1253582
1261782
1262322
1263784
1264459
1270125
1272328
1273283
1274573
1274797
1277183
1278646
1280452
1281099
1282365
1284205
1285437
1288109
1288929
1291707
1293892
1295402
1295805
1298123
1299726
1299885
1300237
1303425
1305280
1305628
1306971
1308660
1308972
1312874
1315547
1320171
1322450
1323168
1324051
1325776
1331526
1334931
1335165
1338312
1340288
1341873
1342997
1343240
1344932
1347251
1352498
1354212
1354266
1354508
1354660
1354857
1357808
1359186
1360681
1364224
1364793
1366139
1368728
1370157
1370744
1371041
1371866
1376214
1376217
1377260
1379912
1380714
1386696
1386764
1389162
1392400
1393392
1397931
1400999
1403084
1408769
1408906
1410347
1412614
1419796
1423435
1427333
1434495
1436284
1436695
1442501
1443673
1444329
1446168
1446986
1452866
1453977
1454053
1455334
1455675
1458351
1460180
1461158
1461532
1466928
1474808
1475802
1476828
1480535
1482508
1483205
1483445
1484119
1485224
1487894
1491786
1494356
1498381
1499480
1503805
1505338
1506607
1508459
1509603
1510895
1511424
1515031
1515608
1516230
1516653
1521991
1522023
1529493
1529738
1530636
1531177
1536355
1537615
1539348
1542610
1544004
1545881
1547431
1549566
1550645
1553208
1556612
1559699
1560614
1561994
1562619
1563078
1563329
1565707
1574258
1574657
1576151
1580234
1581086
1581940
1582213
1582336
1582473
1583329
1586408
1587579
1595783
1596213
1599219
1599418
1604985
1609770
1611043
1614526
1616351
1622280
1623504
1624247
1625170
1626224
1627297
1634012
1634809
1637862
1639153
1644037
1651493
1651799
1654631
1656078
1658983
1660571
1660674
1661702
1662227
1663802
1664617
1665001
1665818
1668927
1669341
1669547
1671020
1671993
1675615
1679930
1681047
1681573
1681868
1688131
1690848
1694243
1695787
1699686
1704992
1705124
1706156
1707608
1708284
1708375
1709313
1710522
1710828
1715679
1716101
1716676
1720923
1722230
1722589
1724100
1724958
1725632
1726437
1727759
1729387
1734785
1735441
1737074
1737488
1739834
1747735
1750239
1753642
1759316
1761809
1764109
1766787
1768791
1772264
1772515
1774297
1774544
1776612
1777599
1778849
1779906
1783382
1785975
1788272
1788887
1793662
1794933
1795048
1795642
1806448
1807826
1810675
1812620
1813121
1813295
1818888
1820970
1822869
1823376
1825450
1825545
1832193
1833136
1835070
1836524
1837417
1838974
1840144
1841590
1843632
1847198
1849401
1851985
1852666
1856233
1858424
1859660
1859915
1860669
1860897
1863965
1864345
1868590
1869495
1879326
1880289
1882046
1882876
1884005
1893538
1895642
1897410
1902197
1903232
1903884
1905727
1907159
1907902
1908174
1911102
1912792
1913320
1913801
1915708
1920877
1928428
1928908
1930558
1934841
1937026
1940707
1946879
1947619
1949233
1950222
1950680
1950682
1952467
1959210
1959508
1962034
1969339
1973006
1973481
1973936
1982701
1982910
1983971
1985600
1986069
1986963
1988411
1988922
1989353
1990846
1996002
1998178
1999278
2002004
2003511
2006303
2007883
2009231
2009948
2013266
2015659
2018305
2019160
2019257
2019993
2020000
2022777
2023057
2023844
2025872
2026539
2029347
2036870
2038165
2040284
2046549
2053057
2055522
2056231
2056971
2057588
2060716
2062074
2063383
2063891
2064620
2067790
2070680
2071972
2073479
2073849
2075332
2075749
2078260
2079715
2081736
2083698
2085673
2086826
2087911
2089967
2090586
2090937
2091803
2093711
2094216
2094951
2102563
2110487
2110939
2115847
2116399
2119713
2124002
2126955
2128163
2130435
2135262
2136655
2137516
2137823
2139419
2143407
2143833
2144662
2144810
2145557
2147198
2153208
2154010
2155671
2156685
2157293
2159511
2159703
2168108
2168567
2169421
2170875
2174348
2175239
2175613
2176735
2176964
2178654
2179539
2181325
2184491
2191136
2191703
2192653
2193884
2193951
2202274
2203841
2206800
2207810
2209153
2214181
2217227
2219226
2219440
2220275
2220864
2222795
2224170
2225272
2226951
2227316
2231743
2232390
2233334
2234911
2237750
2240243
2240619
2242206
2242219
2242400
2242921
2243094
2244462
2244542
2245649
2247639
2249021
2252430
2253393
2254121
2256579
2257864
2258766
2259805
2260821
2265348
2265425
2265916
2266429
2267171
2270986
2271263
2271705
2274791
2275162
2276521
2282281
2282660
2283789
2284043
2284810
2285221
2285392
2286595
2286598
2292742
2292936
2294365
2298048
2309735
2312044
2313842
2317073
2318305
2322152
2322158
2322974
2325837
2326371
2326544
2328627
2332576
2332961
2333838
2338099
2339392
2340299
2345653
2347408
2353809
2355392
2358156
2365762
2367405
2367498
2369139
2371810
2377216
2378801
2381547
2383235
2388506
2389196
2390643
2390686
2393392
2397304
2399418
2407159
2408343
2409155
2409771
2410459
2411137
2411435
2412508
2416351
2420761
2422955
2423321
2424017
2425629
2428991
2432025
2432227
2433164
2433891
2433942
2437125
2440668
2441642
2443099
2443500
2443802
2444908
2447755
2450892
2452877
2453753
2455666
2456264
2456680
2461192
2461629
2461729
2464524
2464814
2469595
2469811
2469881
2476657
2477443
2480929
2485317
2489426
2490363
2490935
2491939
2492608
2496082
2497563
2500262
2502196
2502622
2505898
2508254
2509362
2510166
2512409
2519805
2520819
2521047
2523523
2526715
2531476
2531944
2535766
2536138
2536911
2542218
2543369
2543431
2547195
2555848
2557357
2557602
2560045
2561084
2564889
2564914
2566356
2568968
2569155
2569925
2570191
2570453
2571350
2573154
2573279
2574442
2574964
2576209
2578676
2581851
2583251
2584458
2584853
2585044
2586007
2587228
2588834
2596644
2599100
2599223
2608024
2609939
2621634
2635500
2639460
2640668
2641956
2643005
2643284
2644212
2644900
2645629
2647762
2649452
2651040
2653915
2656131
2658077
2661043
2663767
2665826
2668155
2671686
2672075
2675884
2679734
2679836
2682524
2683347
2689680
2690854
2692823
2694806
2697688
2704252
2706244
2707423
2709679
2710396
2712920
2716830
2717358
2718451
2718579
2720357
2721032
2721139
2723901
2724655
2726126
2726543
2726574
2729758
2731476
2736662
2739942
2740845
2744337
2751576
2752009
2754894
2755148
2756813
2761563
2778112
2781490
2781744
2782616
2784236
2785020
2787906
2788129
2788198
2789936
2790273
2793505
2793554
2794404
2794727
2796097
2796245
2799075
2806316
2806703
2808851
2810142
2816570
2823342
2823841
2824528
2826842
2831920
2833291
2833531
2835325
2835764
2836248
2837180
2842315
2844772
2845803
2849206
2849644
2851174
2852006
2852078
2853778
2856779
2856967
2861199
2863757
2865248
2865758
2867124
2867324
2872409
2873438
2876049
2876794
2878421
2878982
2879363
2879683
2883150
2884862
2889306
2891213
2894112
2895648
2897454
2897853
2899660
2899716
2903141
2904850
2908555
2908643
2915819
2916738
2921884
2923269
2925744
2927674
2932369
2932951
2933407
2934218
2935048
2938024
2938133
2941942
2942358
2943388
2944734
2948599
2949174
2949834
2950918
2952988
2953334
2958125
2958263
2958400
2959569
2962463
2963857
2964999
2965339
2966869
2967770
2970585
2972111
2972383
2973100
2975246
2976194
2976976
2979344
2986947
2991795
2992645
2995469
2998088
2998880
3000287
3008243
3008893
3011591
3015203
3015221
3018982
3021881
3022680
3023099
3023122
3023356
3027320
3028974
3029391
3032538
3036144
3037834
3038992
3040721
3042877
3043271
3043618
3045364
3045836
3048448
3049353
3049943
3050255
3050868
3052695
3059582
3059694
3062950
3063078
3063848
3063857
3063917
3065123
3070055
3071679
3081568
3083272
3085720
3086437
3086462
3087925
3088014
3088461
3089868
3091718
3093038
3095222
3096547
3098286
3098626
3098947
3099345
3100075
3100416
3102751
3110419
3110972
3111629
3115893
3118205
3118507
3120919
3124258
3125840
3127075
3129612
3131853
3133533
3134372
3134825
3135680
3137875
3140057
3141682
3145883
3145883
3147318
3148169
3148591
3150675
3151350
3153312
3153513
3154242
3156206
3156243
3159729
3161837
3162834
3165233
3166042
3167801
3168321
3168435
3171052
3172171
3172640
3172648
3173673
3176695
3176780
3176906
3177255
3178188
3178844
3180237
3180474
3181171
3182296
3193368
3193517
3194906
3196359
3196667
3197571
3200307
3207107
3211455
3216866
3217256
3217371
3217722
3218984
3220981
3230491
3231097
3232018
3233039
3233191
3236979
3238500
3245610
3254922
3255275
3255484
3256251
3257243
3258537
3258669
3259891
3261024
3262271
3263661
3264609
3265941
3266219
3266637
3267033
3268644
3269093
3269172
3269229
3273080
3273145
3273918
3275594
3276742
3278858
3280910
3280952
3283267
3285055
3288577
3289490
3293221
3293308
3297927
3300646
3301026
3301868
3302002
3306186
3308159
3309398
3310533
3311872
3312126
3316735
3317477
3318154
3318622
3320477
3320608
3322041
3323932
3324948
3330767
3331021
3332445
3334870
3335050
3335659
3335875
3337088
3339571
3340417
3347428
3348103
3350446
3351029
3353579
3358690
3360817
3372379
3373568
3374665
3377934
3378538
3381607
3383429
3386987
3389486
3390392
3391132
3391809
3393376
3394183
3395726
3396533
3397796
3400867
3402840
3404760
3406871
3409714
3409864
3409957
3413761
3416655
3417854
3418157
3419315
3419509
3426057
3428588
3430007
3432274
3432636
3437357
3437702
3438166
3440099
3441739
3445518
3447398
3448731
3449267
3449378
3451407
3457634
3458301
3458803
3461190
3465607
3467026
3469691
3474164
3474646
3475060
3477341
3477548
3478070
3478082
3478498
3479615
3480038
3481916
3483177
3485897
3487850
3493967
3496824
3499907
3500228
3501120
3504342
3508679
3510829
3513245
3516027
3516922
3517872
3521910
3522911
3523122
3523569
3526985
3530976
3532202
3537666
3543323
3546593
3549882
3550798
3550846
3552614
3554498
3555444
3557040
3557880
3560453
3562163
3565023
3567221
3567271
3569291
3572489
3573219
3577432
3580113
3581285
3581925
3585630
3593628
3596626
3598134
3601606
3602185
3602578
3603825
3604891
3606776
3609076
3612362
3615328
3615826
3615981
3616002
3618461
3618791
3625981
3631943
3632076
3633459
3633700
3635347
3635418
3636874
3637478
3637499
3640665
3642249
3650277
3652334
3652735
3654188
3658925
3662290
3663249
3665199
3666026
3667038
3669293
3669558
3676930
3677638
3678869
3682063
3684205
3684329
3684995
3685653
3687042
3688168
3692308
3697012
3697427
3701037
3703218
3705371
3705571
3707244
3709245
3710624
3712896
3719834
3720547
3722486
3722747
3724472
3725136
3726152
3728097
3728625
3729001
3733882
3733899
3734203
3736116
3738717
3746910
3747600
3748777
3763122
3765017
3765348
3766071
3766371
3768904
3772225
3776718
3777194
3779387
3784070
3786833
3787785
3792978
3794897
3796867
3798738
3800584
3802073
3807243
3807620
3812548
3812949
3816226
3817423
3818857
3819239
3819731
3820257
3824697
3826568
3827910
3828751
3829930
3830141
3835237
3836938
3837149
3837837
3839509
3839557
3839880
3843009
3846871
3847503
3856866
3858019
3862546
3864953
3870430
3871158
3878303
3878687
3878925
3879708
3880073
3886056
3886623
3889352
3890728
3894298
3895389
3898238
3899730
3900493
3901336
3903117
3906078
3908824
3911933
3911967
3914643
3914725
3915327
3917000
3918337
3919870
3921481
3922261
3923200
3924599
3926594
3929665
3938990
3940766
3942675
3944895
3945377
3946183
3947279
3948274
3948558
3948794
3949109
3949622
3958261
3959402
3959825
3962336
3964974
3968702
3968804
3969773
3971035
3976319
3976845
3977456
3978231
3979534
3979930
3980889
3982039
3983249
3986406
3998193
3999962
4000224
4000894
4005057
4005087
4009401
4012179
4014590
4020211
4021621
4021893
4023718
4024115
4026044
4027256
4030238
4034708
4035442
4036555
4037141
4037757
4039356
4042349
4042728
4045104
4047196
4047345
4047763
4050148
4050434
4051842
4052341
4057606
4058402
4062801
4063071
4063246
4063608
4063910
4065262
4065550
4067851
4077012
4077062
4077483
4077936
4081204
4084717
4090804
4091023
4091608
4092593
4094794
4095665
4096026
4098641
4098854
4101541
4103087
4107379
4109721
4109869
4110006
4112334
4113482
4115939
4119223
4120556
4121374
4123842
4127933
4128210
4128223
4132762
4135081
4137655
4139895
4141594
4141789
4145606
4148752
4148787
4149657
4150307
4151779
4156079
4156553
4156587
4157988
4163006
4164711
4164863
4170640
4173994
4176170
4183064
4184484
4185267
4186264
4186587
4187479
4187853
4189800
4192947
4194752
4194805
4195602
4198359
4199706
4202628
4204470
4205234
4206659
4206973
4208211
4211203
4213014
4215620
4215973
4216085
4217991
4219070
4219922
4224684
4226660
4228736
4232067
4233946
4236808
4237407
4238486
4243795
4247983
4250841
4252375
4253320
4253565
4253586
4256922
4259266
4259540
4260552
4263334
4263705
4266416
4266567
4271746
4271962
4272857
4273799
4277215
4278004
4279424
4279908
4280538
4281563
4281995
4282438
4282639
4284562
4290320
4291673
4294272
4296046
4300755
4301549
4305162
4306318
4307142
4313671
4324176
4330723
4335341
4336069
4342827
4343315
4343998
4346378
4348192
4348326
4350967
4351450
4352160
4352878
4356192
4356620
4358360
4359869
4363918
4365092
4365288
4365537
4366724
4366983
4368720
4369848
4375256
4377171
4384754
4389357
4392260
4393690
4394460
4396925
4398231
4399573
4400355
4401638
4405630
4406830
4408055
4408386
4414058
4415049
4416062
4416441
4418091
4419758
4421646
4425386
4425549
4426086
4428552
4430242
4433166
4434529
4435931
4436903
4443948
4447400
4447520
4449323
4455947
4458186
4458804
4461991
4465025
4465694
4472314
4480097
4482181
4482792
4483016
4486120
4490108
4490203
4491227
4491710
4493253
4493715
4497832
4498422
4500401
4506211
4507156
4508694
4509136
4510993
4511006
4513416
4518224
4520086
4522297
4526310
4537255
4541670
4544158
4544233
4544550
4549711
4550302
4550533
4552145
4556149
4556403
4558246
4558744
4561512
4561778
4563980
4564480
4567413
4571285
4571727
4572270
4573453
4574756
4578155
4578226
4580094
4583274
4583583
4585430
4588114
4588524
4589861
4592359
4593712
4597196
4602286
4605059
4607572
4613962
4619435
4619477
4620966
4622201
4622756
4624576
4626707
4627559
4628799
4630133
4631340
4631528
4631849
4631870
4632435
4635383
4635550
4639379
4643583
4644848
4647853
4648304
4653782
4654889
4655570
4655672
4656426
4656926
4657065
4657888
4660393
4661490
4663895
4665618
4666087
4666467
4666492
4672740
4677277
4678884
4681206
4682514
4683796
4684688
4686544
4697882
4701937
4702053
4706870
4707197
4708837
4709402
4710964
4713240
4715307
4715895
4719876
4720318
4722191
4725293
4736142
4738383
4739337
4740263
4743854
4743908
4745105
4745673
4746109
4746225
4746486
4746638
4747788
4751732
4753849
4757688
4760678
4765621
4767413
4773852
4774558
4774934
4778984
4779505
4781090
4783336
4784330
4786300
4794085
4794662
4796612
4801825
4802674
4806410
4807024
4810419
4812814
4813618
4814193
4818514
4818628
4819541
4822982
4824767
4824950
4828131
4830855
4832093
4835626
4837432
4837473
4838530
4841138
4841463
4842503
4842842
4843148
4844896
4846984
4847577
4853774
4854639
4864883
4865483
4868769
4868965
4869348
4870428
4872820
4876569
4876917
4878283
4878850
4879688
4880715
4881665
4884748
4890641
4891865
4895274
4895787
4897174
4897784
4897937
4899593
4899764
4903364
4908538
4915848
4917877
4919527
4920723
4920835
4921268
4921738
4922987
4923448
4923801
4924488
4926594
4929084
4938366
4947457
4947669
4948429
4954902
4961323
4962222
4962775
4964316
4969976
4973711
4976611
4977181
4979716
4988812
4988873
4989751
4992731
4994000
4994398
4999434
4999757
5001914
5009585
5016222
5017713
5017777
5020497
5021941
5022079
5029185
5030149
5031693
5032226
5033043
5034481
5037066
5037880
5040740
5042829
5044990
5045217
5048824
5050503
5053210
5055564
5067178
5069447
5070404
5070794
5071108
5072078
5073628
5080687
5083170
5083584
5084299
5085459
5087109
5088058
5089700
5090706
5092100
5094711
5103962
5107017
5112398
5119389
5124950
5129809
5132574
5133289
5135405
5138451
5140856
5141419
5141446
5142653
5144490
5150871
5151538
5151908
5152536
5154759
5155190
5157100
5160863
5162004
5162718
5163927
5164296
5164717
5168184
5168632
5169180
5169586
5170847
5170879
5172292
5173224
5176083
5178101
5180455
5180493
5182083
5182306
5186847
5189682
5192785
5193053
5197748
5200032
5202813
5206444
5207455
5209400
5210890
5213434
5213575
5215221
5215675
5217565
5217669
5218860
5223057
5228152
5230109
5232135
5233921
5236553
5237087
5237960
5238452
5240456
5243728
5246162
5246843
5249334
5249881
5250970
5251057
5252330
5256810
5258396
5265299
5266462
5267161
5267615
5267780
5270464
5273019
5273592
5275941
5276557
5280115
5280491
5282596
5283211
5283286
5285486
5292621
5292807
5293330
5295951
5297260
5298919
5303751
5305357
5311775
5312467
5312558
5316204
5321972
5324051
5325385
5331631
5336370
5340484
5347452
5349146
5350134
5356026
5357014
5358969
5360137
5361149
5361871
5363869
5365488
5366513
5370159
5373516
5374338
5378360
5390198
5394264
5394949
5395501
5396968
5398511
5399338
5400620
5402206
5406423
5406727
5407974
5415043
5419079
5419653
5420351
5420814
5425065
5426466
5427935
5429699
5432086
5432404
5439522
5439727
5439852
5440732
5441044
5441888
5443601
5444442
5444855
5446114
5446193
5447252
5451488
5452592
5454627
5456974
5460185
5460707
5463878
5467539
5472227
5472592
5483434
5483503
5483640
5483726
5485602
5486889
5486978
5487707
5488085
5489190
5491309
5492645
5492825
5496063
5498098
5503684
5509060
5509351
5510203
5511123
5515835
5516327
5521125
5526757
5529052
5539977
5540795
5541686
5545188
5548985
5551423
5553169
5555962
5560580
5562059
5563075
5568746
5573108
5577188
5578721
5579762
5581701
5582585
5585785
5585885
5587491
5589063
5590090
5590162
5591712
5591793
5591970
5596309
5596748
5597318
5597796
5599927
5601383
5603435
5604079
5604371
5604532
5607894
5608234
5612052
5612246
5613742
5616021
5617395
5619950
5622499
5624863
5625286
5626538
5628503
5629478
5629522
5630484
5632262
5634949
5637833
5638324
5640290
5641955
5642945
5644616
5644813
5645740
5646505
5646959
5648184
5648704
5652969
5653259
5653334
5653477
5653560
5654208
5655840
5658587
5659252
5659838
5660850
5661779
5661903
5663262
5663782
5664946
5665739
5668346
5669065
5670149
5670767
5670880
5673725
5679574
5683770
5684874
5687394
5690002
5692230
5693690
5700266
5702565
5703344
5709836
5712433
5713064
5717915
5723881
5729706
5730089
5730360
5732247
5733311
5734015
5734719
5738223
5740332
5741027
5743413
5747821
5748731
5749848
5750123
5754663
5757606
5764112
5765897
5770159
5771866
5774294
5774540
5775732
5776572
5777082
5780696
5782337
5787700
5791112
5793162
5794413
5795150
5799409
5800411
5800774
5805038
5805326
5805692
5807925
5811299
5814973
5815208
5816354
5817072
5820589
5822965
5828152
5829299
5829912
5829965
5830967
5832516
5832988
5832988
5834378
5835885
5842709
5844623
5845670
5846739
5847054
5848954
5850019
5854946
5855786
5859334
5859399
5862820
5864066
5867036
5869941
5870360
5872063
5872387
5872642
5873386
5875565
5877530
5881690
5882442
5882861
5886159
5887218
5892070
5892580
5896422
5896744
5901039
5903665
5904150
5904399
5906357
5907245
5907330
5909009
5911154
5911237
5912023
5913625
5915292
5916754
5917418
5919122
5921474
5922130
5923924
5929598
5932226
5933608
5935768
5939859
5941809
5943029
5943653
5946457
5947066
5948028
5950720
5951193
5956343
5957115
5962216
5962539
5965123
5965206
5966968
5969298
5976033
5979117
5979646
5979784
5980396
5982583
5984279
5989078
5990381
5990723
5990781
5991655
5993709
5996901
5999360
5999387
6001835
6005003
6006070
6009601
6016876
6018126
6021748
6024258
6024361
6024400
6027998
6028188
6029144
6029852
6035759
6036701
6039221
6041912
6042249
6043316
6046025
6046157
6050735
6052425
6054470
6056202
6059029
6060509
6060895
6061546
6061893
6065927
6066207
6069066
6072747
6075706
6076120
6076954
6080687
6084685
6085464
6085939
6087715
6092152
6093742
6095506
6098005
6101609
6104510
6105558
6106164
6106789
6106841
6109923
6111150
6112437
6114225
6114801
6115001
6116347
6116768
6116776
6121394
6122401
6123026
6123897
6126361
6128665
6130032
6130756
6136071
6138520
6139014
6141273
6142239
6145534
6145796
6147036
6147116
6154366
6156237
6156958
6166409
6166467
6166983
6171762
6173896
6173922
6174735
6176541
6178927
6184274
6185285
6188673
6193710
6196903
6197974
6198736
6200227
6200854
6210778
6210930
6212795
6214528
6215196
6216393
6216401
6218284
6218572
6219765
6220483
6222517
6224011
6225204
6227417
6230951
6232708
6233026
6233342
6234501
6235510
6236868
6238107
6238828
6240212
6242555
6244132
6245678
6245919
6252992
6253354
6254354
6256510
6258501
6258989
6259984
6260129
6261940
6263524
6264219
6265494
6269729
6270796
6274875
6275575
6282726
6287599
6288273
6293212
6294310
6294961
6301255
6302745
6303613
6305114
6307030
6307749
6311828
6313468
6314976
6316832
6317068
6317576
6318050
6319182
6323785
6325214
6325860
6327909
6331752
6332493
6336171
6337766
6340887
6342121
6349626
6350326
6350955
6351927
6356444
6356636
6356887
6362457
6362856
6364068
6365952
6366594
6366788
6367956
6368969
6369821
6371291
6372074
6373309
6373543
6373896
6373922
6374532
6374813
6376432
6377309
6379060
6382598
6384096
6385225
6388007
6392484
6395741
6398004
6399096
6400096
6401933
6401940
6402072
6404864
6407335
6408880
6409299
6409609
6411263
6412830
6413767
6416011
6417524
6419537
6420807
6426062
6429262
6430152
6430421
6432471
6434587
6436669
6438582
6439034
6442613
6443361
6444280
6446223
6447072
6448349
6451791
6456307
6456817
6463480
6465033
6466175
6466295
6466647
6466985
6468755
6469087
6478612
6479529
6481415
6486110
6489289
6494640
6496459
6497025
6497591
6498659
6501931
6502382
6502949
6503389
6506603
6507692
6507889
6509848
6511007
6512235
6515437
6517201
6520733
6526921
6528713
6532694
6534197
6538176
6538250
6538446
6540148
6542070
6542796
6544047
6544810
6547561
6548280
6548897
6549973
6550588
6553088
6553776
6553817
6558457
6560924
6565195
6569913
6570220
6571385
6573199
6574110
6577708
6577840
6578225
6580452
6580738
6581402
6584309
6586353
6591424
6592527
6601294
6602550
6603036
6608463
6608769
6614385
6614475
6615438
6617031
6620381
6620522
6622017
6624901
6626349
6629616
6629720
6639708
6640815
6641529
6642609
6644026
6645251
6645944
6647966
6648404
6651450
6652813
6653890
6654524
6654570
6654907
6655801
6655890
6657696
6658886
6661473
6662246
6662715
6665100
6665524
6667940
6671346
6671484
6674958
6675720
6675731
6676031
6676454
6678402
6679976
6680875
6681304
6682318
6682989
6686740
6687039
6689244
6692653
6694170
6696449
6699176
6699513
6700667
6702230
6703406
6709495
6710072
6710551
6711607
6711622
6711628
6714547
6716461
6718851
6719447
6719829
6720501
6721614
6723787
6724696
6726352
6729341
6730063
6731305
6732615
6743220
6748552
6748565
6749273
6749592
6751533
6755567
6756432
6758446
6758936
6759055
6760013
6763978
6769760
6774319
6776214
6777699
6778282
6780476
6782577
6786158
6787065
6787266
6788081
6791045
6792332
6793042
6793906
6799973
6801683
6802432
6802830
6803619
6804314
6804697
6804733
6805711
6809393
6809418
6809422
6811042
6811728
6811891
6814637
6814661
6815500
6816783
6817000
6819135
6821112
6822620
6825559
6826547
6831089
6832391
6839380
6840726
6841744
6844833
6849776
6851373
6852225
6856199
6858126
6858633
6859591
6864929
6866067
6866455
6867384
6867440
6868275
6869383
6873566
6874627
6876583
6877047
6878328
6878392
6882480
6882634
6885067
6885315
6886468
6892499
6896713
6896833
6898844
6899592
6899740
6899948
6900109
6900166
6900256
6904142
6907741
6908534
6908852
6909385
6912935
6920097
6924253
6925358
6926322
6926803
6926986
6927306
6927972
6929511
6937130
6937332
6937834
6937885
6938159
6939313
6942177
6942524
6946362
6946845
6947807
6948709
6950107
6952406
6956070
6956165
6960229
6965944
6966945
6968677
6971085
6973038
6973087
6975681
6976041
6977153
6977322
6977462
6979171
6979618
6979824
6985787
6985965
6988267
6989505
6990024
6991571
6991966
6992613
6993647
6995516
6996167
6997915
6998988
7003512
7004669
7005454
7005494
7005780
7008100
7009005
7010468
7011070
7013190
7013686
7015091
7017528
7017644
7020275
7024623
7025885
7026706
7028811
7029041
7029180
7029368
7031548
7035066
7036722
7039019
7042687
7044313
7047658
7049689
7053603
7053864
7054782
7058596
7060713
7066414
7067760
7068824
7070223
7072951
7076897
7077865
7078342
7084782
7085298
7091601
7098372
7099935
7105018
7108188
7109353
7111742
7112808
7113518
7113636
7114302
7114842
7114936
7115594
7116283
7126571
7126604
7127704
7131624
7133395
7134413
7136323
7139570
7146071
7146653
7147398
7148112
7148464
7151357
7152384
7156998
7157667
7157769
7157913
7158522
7160543
7164706
7168820
7170263
7174489
7179197
7179405
7179931
7190260
7193502
7197677
7198774
7199407
7201163
7201990
7204780
7204924
7205783
7206214
7210451
7210959
7211432
7211931
7212305
7213620
7214668
7215074
7217719
7218054
7220374
7220852
7223625
7225580
7228857
7229844
7231752
7233097
7235177
7235254
7237472
7238575
7239245
7239538
7239862
7241958
7243023
7243244
7245439
7251740
7253330
7255309
7258025
7259355
7265211
7267412
7275159
7275430
7275817
7277077
7278209
7280551
7284999
7287499
7288669
7291191
7292894
7294091
7296328
7297967
7299358
7300291
7301526
7302506
7305520
7308022
7308749
7309135
7309631
7310987
7311197
7312327
7312845
7314421
7315793
7316940
7321301
7325476
7327263
7327900
7331268
7332303
7333043
7337148
7341448
7342743
7346341
7346693
7350016
7359366
7367064
7373202
7373875
7375687
7377240
7378653
7378972
7380010
7383652
7384969
7387175
7390511
7391570
7391975
7393373
7393466
7396141
7403843
7406638
7410116
7410575
7415769
7416464
7416717
7417989
7418966
7424394
7425097
7426679
7435536
7437264
7438112
7439138
7439704
7439706
7439949
7443813
7444700
7446253
7447974
7449723
7450576
7451059
7456443
7461404
7462483
7462533
7464014
7464487
7464897
7464948
7465824
7468471
7471239
7473270
7473724
7474433
7474960
7480702
7481264
7482230
7483878
7487859
7489251
7489935
7491487
7492081
7492527
7493006
7497768
7501162
7502963
7503634
7504696
7505216
7509179
7509890
7512302
7514096
7524343
7525553
7527592
7529120
7529954
7531949
7532747
7533833
7534967
7535141
7536962
7537573
7538516
7544535
7548354
7554439
7555309
7558808
7560030
7562631
7563059
7563615
7568820
7570642
7572667
7574391
7574628
7575019
7575384
7576512
7581128
7585545
7586545
7587410
7587742
7589610
7591329
7591569
7593181
7599062
7600122
7604246
7605605
7605938
7606919
7611534
7611941
7612970
7616094
7621813
7624721
7625268
7625738
7633223
7634022
7635177
7637766
7640208
7641492
7642370
7643899
7644595
7646324
7647508
7650987
7652147
7653818
7654672
7655396
7658088
7660150
7660707
7664540
7665316
7671178
7671852
7677583
7679144
7679324
7681186
7683066
7685251
7686430
7687234
7688969
7692426
7694736
7695242
7695508
7698880
7699233
7702219
7702854
7706330
7707716
7710694
7710996
7714058
7714430
7714619
7720717
7723949
7725963
7727262
7727506
7729150
7730227
7732110
7733442
7736443
7739186
7739315
7739739
7740938
7749331
7750446
7752255
7752422
7754762
7758553
7758929
7759276
7762089
7763339
7764834
7765229
7766369
7768933
7771674
7771850
7771919
7772338
7775358
7776227
7777586
7777731
7778129
7779442
7785993
7786189
7786798
7789682
7790663
7792472
7798501
7801905
7804343
7807714
7808717
7808874
7808895
7810449
7811170
7813136
7816875
7819908
7822743
7823069
7823986
7825018
7825984
7827132
7827267
7829440
7832081
7832193
7833899
7834547
7835976
7839106
7841909
7843580
7846762
7850316
7852052
7852820
7854155
7855793
7861184
7868082
7868764
7869096
7869412
7869577
7871804
7874427
7882314
7883968
7885072
7885701
7886364
7888031
7888295
7888922
7889860
7889967
7891099
7891244
7892594
7894100
7894286
7896104
7896745
7898761
7903547
7904553
7906433
7908063
7909532
7909932
7913583
7913865
7919707
7921202
7921545
7922972
7925707
7926758
7928205
7928789
7929363
7929736
7934916
7935272
7936723
7941520
7951787
7953169
7953431
7954187
7957133
7961826
7963199
7963697
7965431
7967862
7970411
7971713
7971966
7973739
7974907
7977254
7977669
7977894
7980520
7982957
7986943
7990754
7991124
7991475
7991950
7992814
7994148
7994475
7997473
7999754
8001589
8004329
8006393
8012347
8012479
8013509
8015004
8015539
8028124
8028306
8030595
8032759
8036843
8041158
8042249
8043670
8050937
8056475
8059132
8060634
8060740
8065752
8066734
8069295
8069496
8071315
8071720
8072709
8072711
8072823
8075228
8076609
8078215
8088448
8088944
8089543
8092422
8094175
8102785
8105381
8110359
8113564
8114577
8115146
8115177
8115372
8119474
8121375
8122505
8124496
8127332
8127358
8138268
8139192
8139574
8140512
8140998
8141001
8147436
8148751
8149086
8150786
8153245
8153338
8153782
8154161
8157022
8165338
8168640
8171286
8171898
8172465
8173720
8176478
8176648
8176715
8177014
8178691
8179493
8182695
8188869
8192237
8193674
8196974
8197557
8197569
8200063
8202088
8206415
8208565
8208708
8209933
8210812
8211252
8211476
8216798
8217622
8224671
8224900
8228914
8238101
8238826
8242311
8246165
8248444
8249228
8250105
8250303
8250617
8253468
8254717
8258859
8265404
8266335
8266446
8266581
8267117
8269589
8269676
8271456
8271757
8274944
8275826
8276598
8281036
8287326
8288057
8288305
8293827
8296649
8297483
8297989
8298910
8299211
8302429
8304027
8304623
8307472
8310916
8311230
8311359
8311632
8311934
8312627
8313708
8316889
8317258
8319864
8321176
8322310
8324942
8325724
8326817
8327052
8331463
8331629
8332957
8334813
8335784
8336077
8339104
8340293
8343189
8345648
8346128
8347758
8349124
8349332
8352127
8355137
8356422
8357698
8362467
8365254
8366091
8367302
8367717
8368772
8369650
8372170
8372243
8373166
8377099
8377302
8377519
8377954
8378020
8381799
8382361
8382585
8389495
8390201
8390282
8390647
8391443
8403017
8403472
8404757
8406041
8410255
8410402
8426473
8427142
8428795
8430094
8430656
8431563
8433385
8435379
8437846
8439372
8441324
8442607
8442821
8444439
8451345
8455094
8457206
8457327
8457801
8466464
8466765
8466999
8469484
8474617
8475155
8475615
8477706
8478108
8479145
8479471
8479595
8480778
8487543
8489047
8497104
8498699
8498962
8499262
8503888
8505439
8506781
8507122
8507310
8507811
8507995
8508219
8512288
8513015
8514694
8514845
8518056
8520075
8524468
8528709
8528735
8531390
8534312
8535139
8540126
8540367
8540782
8545434
8550770
8551500
8553846
8555387
8555985
8556762
8557729
8561173
8564687
8565977
8568257
8570389
8575228
8576073
8576269
8577683
8578379
8581708
8586763
8587701
8592941
8593508
8594751
8597292
8600292
8600972
8606826
8607396
8610716
8612563
8613600
8614028
8618038
8618360
8619878
8621258
8622369
8631944
8634319
8635813
8638499
8641577
8641768
8641986
8645214
8645678
8647107
8649375
8653312
8655827
8659068
8660331
8665901
8666896
8668843
8669955
8670180
8670361
8674458
8675968
8677732
8678808
8679061
8679884
8680561
8681792
8683155
8683171
8684748
8687499
8687889
8688708
8689353
8689796
8690270
8691368
8691551
8694669
8696769
8696795
8699060
8703815
8705559
8705863
8709282
8709413
8713093
8715312
8717780
8718715
8719501
8719597
8719991
8720719
8721252
8723175
8724864
8725879
8726250
8727616
8728189
8728833
8729493
8729615
8733624
8734165
8734291
8736268
8742033
8742105
8748528
8756650
8757865
8759236
8763271
8768509
8768569
8771533
8773848
8776524
8779957
8783527
8786194
8788442
8791103
8791167
8792337
8792412
8794577
8796294
8796697
8796856
8797362
8797537
8798101
8802914
8807560
8808275
8809998
8812273
8814467
8815011
8816532
8816704
8816893
8817498
8817531
8819044
8819507
8820184
8821307
8827002
8828969
8830164
8832926
8833128
8833635
8837074
8839239
8839434
8842129
8842428
8844665
8848924
8850124
8851713
8852239
8857647
8862693
8863065
8864884
8868871
8870821
8873792
8875634
8877812
8881494
8884840
8896264
8896436
8897464
8898057
8898713
8899581
8902585
8903115
8904996
8905464
8909512
8910379
8910462
8913202
8915834
8916244
8916588
8918077
8921234
8922471
8923055
8924576
8925702
8929432
8930166
8931063
8933148
8936902
8937481
8939325
8941913
8943247
8943399
8943430
8943886
8945341
8951666
8951714
8954546
8956753
8958575
8961195
8961305
8963412
8964038
8970408
8971335
8973284
8976764
8980489
8980757
8982032
8983617
8985705
8985942
8986775
8987242
8988318
8990108
8990322
8993986
8994961
8997414
8998261
8999040
9000593
9005554
9009548
9010359
9013527
9017072
9019844
9021863
9022614
9023761
9024167
9024222
9028475
9028713
9030324
9030840
9031345
9032148
9035479
9037238
9038069
9038628
9039477
9041886
9043325
9043586
9047133
9060063
9065275
9072688
9073606
9075260
9076193
9078589
9080171
9080342
9084733
9085681
9086834
9087345
9087438
9092689
9093547
9096395
9097440
9098555
9101431
9102120
9102436
9103007
9103691
9106140
9107240
9109154
9109448
9110161
9113228
9113666
9114896
9115679
9117650
9121770
9122281
9128241
9128996
9130010
9130792
9130971
9131379
9132818
9134231
9138282
9139278
9140205
9140906
9142406
9142607
9143431
9148829
9150021
9150360
9154652
9154739
9157639
9159233
9159893
9160057
9160976
9164419
9167315
9171079
9175593
9179234
9179943
9180918
9183251
9183304
9185186
9185779
9185969
9187539
9190101
9193566
9195139
9195473
9197397
9197574
9201975
9202918
9203935
9205048
9210555
9210978
9211477
9211913
9216071
9223994
9224608
9229932
9231217
9233534
9233816
9239172
9240774
9241381
9242224
9243344
9245125
9247925
9254864
9258024
9259384
9262653
9264369
9269619
9271979
9272442
9273741
9274047
9281521
9283840
9285742
9292784
9294074
9299679
9302546
9309887
9312765
9320204
9322628
9327553
9331214
9332315
9334418
9335933
9338377
9338563
9339037
9345879
9349676
9352356
9352944
9355101
9358232
9358308
9359040
9361332
9364430
9370380
9371043
9372180
9374705
9376277
9376372
9379281
9386271
9388890
9391214
9393518
9396767
9397430
9399772
9401640
9401824
9404160
9406823
9407677
9408703
9409750
9411857
9418830
9419152
9420625
9422755
9432553
9434522
9436481
9436710
9437206
9438063
9438131
9438910
9441535
9442924
9443675
9445544
9447502
9452532
9452841
9452845
9455483
9458859
9460339
9460687
9461452
9461692
9465858
9466942
9467015
9467151
9469023
9469692
9470007
9471681
9471786
9472619
9476225
9478408
9481750
9482168
9482743
9482838
9482907
9483004
9485077
9485836
9490019
9492585
9493201
9497445
9501365
9504685
9504997
9505081
9508303
9509988
9510640
9514898
9517481
9521388
9524073
9524155
9527512
9527850
9528040
9529254
9533719
9534937
9536059
9537165
9539282
9541987
9543261
9556148
9560788
9562293
9564708
9566332
9570217
9571410
9573965
9575736
9577616
9578486
9582697
9582981
9588129
9588991
9594490
9594910
9598726
9600428
9602552
9603660
9606554
9608295
9612351
9612398
9612869
9613047
9619212
9629978
9634966
9639402
9640223
9641320
9643980
9646240
9648896
9649333
9650823
9651733
9653296
9653508
9658902
9659992
9660393
9666609
9669445
9670683
9682906
9686707
9687876
9690204
9692168
9692679
9693830
9694449
9694766
9695702
9696718
9700595
9704005
9705539
9706782
9709313
9710550
9711206
9711259
9714888
9714985
9716439
9718509
9719317
9719426
9720499
9724530
9725269
9725325
9727401
9728233
9734013
9734655
9737428
9737565
9743699
9744153
9748711
9750491
9750976
9752688
9755540
9756629
9757700
9758719
9762289
9762971
9765444
9765581
9766136
9769057
9770689
9771369
9772554
9773128
9773942
9778097
9778575
9780182
9781853
9788757
9789028
9793523
9794069
9796365
9796570
9796658
9797345
9798518
9802405
9803662
9804303
9814363
9815510
9819038
9821377
9822980
9825005
9826422
9830601
9830705
9833065
9834190
9840421
9840592
9841378
9841885
9842796
9844919
9847251
9849004
9850838
9853089
9857967
9858576
9858712
9858796
9863130
9867907
9869068
9870303
9872864
9873892
9875493
9884032
9887038
9888513
9889164
9893980
9901209
9905557
9906248
9906371
9910217
9912062
9912279
9913775
9915279
9916745
9917731
9922398
9923707
9924043
9925553
9927409
9927634
9928112
9929421
9929563
9929906
9930280
9931757
9933523
9936241
9936378
9938272
9938588
9938769
9942579
9948089
9951501
9951566
9953572
9954159
9954293
9954612
9958921
9962686
9962865
9963935
9966073
9968902
9969854
9974544
9976798
9978201
9980142
9980668
9982258
9987144
9987695
9991237
9992002
9993381
9993584
9994230
9995124
9995179
9998392
9998807
