EN605.202.81 Data Structures, Spring 2017, Lab #4
Submitted by Tom Atwood, May 2, 2017

Processing time for the sort to be run: 13566934 ns

Results:
2354
8241
8916
13042
14206
24844
25104
26018
26208
28552
36456
36530
40437
45208
46278
51294
59344
63497
64253
69855
72217
80697
99922
100142
107298
109577
112016
113172
113639
113800
115779
116967
118092
135650
136602
139143
147163
149690
169478
186178
190529
193827
206644
214866
219278
219692
223453
226484
228233
229180
234533
236809
237518
245855
249206
249642
249964
261892
283314
283654
287582
298553
314959
320727
323348
323911
337503
342871
346169
353285
356724
362208
363766
373201
377481
378331
382098
385090
386907
399646
405300
415314
423215
430591
434882
435283
445605
447923
466103
474964
486522
490069
493691
496269
503554
504543
505552
511059
512665
513331
521001
532797
538701
541477
544318
551091
556646
560019
562522
582820
586887
588566
597012
604120
611197
611265
623778
625139
632696
639231
647351
655452
661839
667534
674206
675533
675872
676731
681537
681827
691966
698856
709432
725044
726229
730533
740245
743731
744401
745469
746696
748197
761345
766914
769112
782805
783286
783766
783940
787736
793580
794611
795966
801886
806082
806482
816113
817365
827687
832330
838668
845788
853866
855781
862426
871416
872508
874063
876966
879203
884427
892251
903633
904243
909490
909743
914745
921704
930481
932769
939737
939827
946736
951462
959010
976612
980166
987191
991423
1003769
1007833
1011241
1012191
1023419
1040811
1043149
1047044
1051014
1051606
1057499
1064270
1070562
1081192
1083374
1089336
1101400
1101889
1107832
1114508
1130828
1131276
1149121
1149423
1154192
1156258
1163664
1163991
1165124
1167058
1170312
1170331
1177787
1182532
1186507
1193643
1194658
1203891
1205556
1208241
1211510
1215279
1220969
1231537
1232915
1234383
1237896
1239357
1239788
1242637
1243726
1245319
1263784
1264459
1272328
1273283
1277183
1280452
1288109
1291707
1299726
1299885
1305628
1306971
1308972
1312874
1323168
1325776
1338312
1341873
1343240
1352498
1354212
1354266
1357808
1360681
1364793
1368728
1371041
1380714
1403084
1408769
1408906
1412614
1419796
1436695
1443673
1444329
1446168
1446986
1452866
1454053
1460180
1461158
1466928
1480535
1483205
1485224
1487894
1494356
1503805
1505338
1509603
1516653
1521991
1529493
1536355
1545881
1550645
1561994
1562619
1563078
1563329
1581086
1581940
1582336
1583329
1587579
1599219
1611043
1616351
1622280
1623504
1627297
1639153
1658983
1662227
1665001
1665818
1669547
1681868
1695787
1704992
1707608
1708284
1715679
1725632
1726437
1727759
1734785
1735441
1753642
1764109
1766787
1768791
1774297
1777599
1778849
1779906
1783382
1785975
1793662
1810675
1812620
1813121
1818888
1820970
1832193
1833136
1835070
1837417
1852666
1856233
1859915
1860669
1863965
1864345
1868590
1869495
1879326
1882876
1884005
1897410
1902197
1903884
1907902
1908174
1946879
1950222
1952467
1962034
1982910
1983971
1985600
1988411
1988922
1999278
2003511
2013266
2015659
2018305
2020000
2023057
2023844
2026539
2038165
2046549
2055522
2060716
2063383
2063891
2067790
2073479
2073849
2075749
2083698
2087911
2093711
2094216
2094951
2110487
2115847
2126955
2128163
2130435
2137823
2143833
2144810
2153208
2157293
2168567
2175239
2179539
2191136
2191703
2192653
2193951
2203841
2207810
2217227
2220864
2225272
2231743
2233334
2240619
2242206
2242400
2243094
2244542
2252430
2258766
2265425
2270986
2271705
2274791
2284043
2285221
2285392
2292742
2322158
2322974
2326371
2326544
2333838
2338099
2358156
2365762
2367405
2371810
2378801
2381547
2388506
2390686
2409771
2411435
2412508
2420761
2424017
2428991
2433164
2433891
2440668
2443500
2444908
2447755
2453753
2455666
2469595
2476657
2480929
2485317
2492608
2496082
2497563
2500262
2502196
2505898
2520819
2521047
2526715
2531944
2536138
2536911
2543369
2547195
2557602
2564889
2569925
2570453
2573154
2573279
2576209
2587228
2599223
2608024
2639460
2640668
2643284
2644212
2644900
2649452
2651040
2656131
2665826
2679734
2682524
2689680
2710396
2712920
2720357
2721139
2726574
2751576
2755148
2756813
2781490
2785020
2788129
2789936
2790273
2793505
2794727
2796097
2806316
2806703
2816570
2823841
2824528
2826842
2831920
2833291
2836248
2849644
2851174
2852006
2856967
2861199
2865758
2867124
2872409
2873438
2876794
2884862
2889306
2899660
2903141
2925744
2933407
2941942
2943388
2953334
2958125
2958263
2972111
2975246
2991795
2998088
3008243
3011591
3015203
3032538
3037834
3040721
3042877
3043271
3050255
3050868
3059582
3059694
3063848
3063857
3065123
3071679
3088014
3088461
3089868
3091718
3096547
3110419
3110972
3111629
3115893
3118205
3124258
3125840
3127075
3131853
3134825
3135680
3141682
3154242
3168321
3168435
3172648
3173673
3176780
3177255
3180474
3193517
3194906
3200307
3216866
3217371
3217722
3218984
3231097
3233039
3238500
3245610
3254922
3255275
3256251
3257243
3261024
3265941
3266219
3267033
3268644
3269093
3273080
3273918
3278858
3280910
3293221
3293308
3297927
3300646
3308159
3309398
3318154
3320608
3334870
3335659
3347428
3353579
3358690
3360817
3372379
3373568
3378538
3383429
3391132
3391809
3394183
3396533
3397796
3400867
3402840
3413761
3428588
3430007
3432636
3437702
3438166
3447398
3451407
3457634
3458803
3474164
3477341
3478070
3478082
3479615
3481916
3485897
3487850
3493967
3496824
3516027
3521910
3523122
3526985
3537666
3543323
3549882
3550798
3550846
3562163
3567271
3572489
3573219
3581285
3581925
3601606
3604891
3606776
3612362
3618791
3633459
3635347
3635418
3636874
3637478
3640665
3652334
3652735
3663249
3665199
3667038
3669293
3684205
3685653
3687042
3688168
3697012
3701037
3703218
3707244
3712896
3720547
3722486
3729001
3733899
3734203
3747600
3765017
3766371
3777194
3816226
3819239
3819731
3820257
3824697
3827910
3828751
3830141
3836938
3837149
3837837
3839509
3843009
3856866
3862546
3870430
3878303
3878687
3878925
3879708
3889352
3890728
3906078
3908824
3911967
3922261
3929665
3938990
3940766
3942675
3944895
3945377
3949622
3958261
3962336
3968702
3971035
3979534
3983249
3986406
3999962
4000894
4005057
4005087
4009401
4021893
4023718
4024115
4034708
4042728
4047763
4050434
4051842
4063246
4067851
4077062
4077483
4081204
4090804
4091608
4092593
4094794
4098641
4103087
4107379
4109721
4112334
4113482
4120556
4123842
4128223
4139895
4156553
4157988
4184484
4189800
4194752
4206659
4206973
4208211
4213014
4215620
4215973
4216085
4226660
4228736
4237407
4247983
4256922
4259266
4259540
4263334
4266416
4271746
4272857
4279424
4279908
4280538
4281563
4282639
4291673
4300755
4306318
4330723
4335341
4343315
4343998
4346378
4350967
4352160
4352878
4365092
4365288
4365537
4366724
4366983
4369848
4375256
4384754
4389357
4394460
4396925
4398231
4408055
4414058
4419758
4421646
4430242
4433166
4435931
4436903
4443948
4449323
4458804
4472314
4480097
4482792
4486120
4490203
4497832
4509136
4511006
4526310
4544233
4544550
4556149
4556403
4558246
4563980
4564480
4571727
4573453
4578155
4578226
4585430
4588114
4597196
4605059
4613962
4619477
4624576
4631340
4631528
4632435
4639379
4644848
4648304
4656426
4657065
4660393
4661490
4666087
4672740
4677277
4678884
4682514
4683796
4686544
4701937
4702053
4706870
4709402
4715307
4722191
4725293
4739337
4740263
4743854
4743908
4745105
4746109
4746638
4747788
4753849
4760678
4765621
4773852
4774934
4778984
4779505
4781090
4783336
4784330
4786300
4794085
4794662
4801825
4807024
4814193
4819541
4828131
4832093
4835626
4837473
4841463
4842842
4864883
4868769
4869348
4872820
4876569
4876917
4878283
4879688
4880715
4881665
4884748
4890641
4891865
4897937
4915848
4917877
4919527
4921738
4923801
4926594
4929084
4947457
4948429
4954902
4961323
4962775
4976611
4988812
4988873
4992731
4999434
5001914
5017713
5017777
5020497
5022079
5044990
5045217
5048824
5053210
5055564
5067178
5069447
5070794
5080687
5083170
5083584
5084299
5090706
5112398
5119389
5124950
5132574
5138451
5140856
5141419
5142653
5151538
5152536
5154759
5155190
5157100
5164296
5168184
5169586
5170879
5178101
5180493
5182306
5186847
5192785
5197748
5207455
5209400
5213434
5213575
5215221
5215675
5223057
5232135
5236553
5237087
5237960
5238452
5246162
5246843
5249881
5252330
5256810
5265299
5267780
5270464
5273019
5273592
5275941
5276557
5285486
5292807
5293330
5297260
5305357
5312467
5324051
5325385
5350134
5361149
5363869
5365488
5370159
5373516
5390198
5394264
5398511
5400620
5406423
5419079
5420351
5429699
5432086
5439522
5446193
5460707
5483503
5483640
5483726
5485602
5486978
5489190
5492645
5496063
5503684
5509351
5526757
5529052
5540795
5541686
5553169
5555962
5560580
5562059
5563075
5573108
5577188
5579762
5585785
5585885
5590162
5591712
5591970
5596748
5601383
5603435
5604371
5607894
5612052
5613742
5619950
5625286
5629478
5630484
5638324
5640290
5641955
5644616
5644813
5646505
5648704
5653259
5653477
5653560
5654208
5658587
5659252
5661903
5663262
5664946
5668346
5669065
5670149
5670767
5692230
5709836
5713064
5717915
5729706
5730360
5732247
5740332
5741027
5748731
5757606
5770159
5774294
5776572
5777082
5787700
5793162
5795150
5800411
5800774
5805038
5811299
5817072
5822965
5829912
5829965
5830967
5832988
5834378
5844623
5845670
5855786
5859334
5859399
5867036
5870360
5872387
5882442
5882861
5887218
5892070
5896422
5901039
5903665
5904399
5906357
5907245
5911154
5911237
5921474
5923924
5929598
5932226
5935768
5943029
5943653
5947066
5948028
5950720
5962539
5965123
5965206
5979117
5979646
5980396
5990381
5990723
5993709
5999387
6005003
6021748
6024258
6024400
6027998
6028188
6035759
6036701
6041912
6050735
6052425
6054470
6056202
6059029
6060509
6066207
6069066
6085939
6106789
6111150
6114225
6116347
6126361
6128665
6138520
6139014
6147036
6166467
6171762
6174735
6184274
6185285
6193710
6196903
6200227
6200854
6210930
6212795
6215196
6216393
6218572
6225204
6233342
6238107
6238828
6240212
6244132
6245919
6256510
6258501
6260129
6261940
6263524
6282726
6288273
6293212
6294310
6302745
6305114
6307749
6311828
6316832
6317576
6318050
6327909
6331752
6350955
6351927
6362457
6366594
6366788
6368969
6372074
6373309
6373543
6373922
6374813
6382598
6384096
6385225
6392484
6398004
6400096
6401933
6404864
6408880
6409299
6416011
6429262
6436669
6443361
6451791
6466175
6466295
6469087
6478612
6479529
6481415
6486110
6489289
6497591
6498659
6502382
6502949
6507889
6509848
6515437
6520733
6526921
6532694
6534197
6538176
6538446
6540148
6542796
6548280
6553088
6553776
6558457
6560924
6565195
6569913
6570220
6571385
6574110
6577708
6577840
6586353
6591424
6601294
6602550
6608463
6608769
6614475
6617031
6620381
6629616
6642609
6645251
6645944
6648404
6651450
6653890
6654907
6655890
6658886
6661473
6662246
6662715
6665100
6671484
6675720
6676454
6678402
6680875
6682318
6682989
6687039
6699176
6699513
6700667
6709495
6710072
6711607
6711628
6718851
6719829
6720501
6748565
6749273
6749592
6756432
6760013
6778282
6782577
6787065
6799973
6802432
6803619
6804314
6809393
6809422
6811728
6814637
6817000
6826547
6841744
6849776
6858126
6868275
6876583
6878392
6882480
6882634
6900109
6908852
6920097
6924253
6925358
6927306
6937332
6939313
6947807
6956070
6956165
6965944
6966945
6971085
6973087
6976041
6977153
6979618
6979824
6985965
6989505
6991966
6992613
6996167
7005494
7005780
7011070
7013190
7013686
7017528
7017644
7031548
7044313
7053603
7054782
7067760
7070223
7078342
7085298
7091601
7108188
7109353
7111742
7113636
7114842
7116283
7126604
7131624
7139570
7146071
7151357
7156998
7157913
7160543
7164706
7179197
7179405
7193502
7201163
7201990
7204924
7206214
7211432
7211931
7217719
7218054
7225580
7235177
7237472
7239538
7239862
7241958
7251740
7253330
7265211
7275159
7280551
7287499
7299358
7301526
7308022
7309135
7309631
7311197
7327263
7327900
7331268
7342743
7350016
7359366
7367064
7377240
7380010
7383652
7384969
7390511
7391570
7393373
7406638
7410575
7415769
7424394
7439138
7439949
7443813
7444700
7449723
7451059
7464487
7464897
7464948
7473270
7473724
7483878
7501162
7503634
7504696
7505216
7509890
7512302
7524343
7529120
7529954
7531949
7533833
7535141
7554439
7558808
7562631
7563059
7572667
7575019
7581128
7585545
7586545
7605605
7611534
7616094
7621813
7625268
7633223
7641492
7646324
7647508
7650987
7653818
7660707
7671178
7671852
7677583
7679324
7681186
7685251
7702219
7706330
7710996
7714058
7714430
7723949
7725963
7727262
7727506
7729150
7732110
7733442
7749331
7750446
7752255
7758553
7762089
7768933
7771674
7771919
7775358
7785993
7786798
7792472
7801905
7804343
7808717
7808874
7810449
7816875
7819908
7823986
7825018
7825984
7827267
7841909
7850316
7852820
7854155
7855793
7861184
7868082
7868764
7869577
7886364
7888031
7888295
7889967
7891244
7892594
7894286
7896745
7898761
7904553
7908063
7913865
7925707
7928789
7936723
7953169
7963697
7965431
7971966
7974907
7991124
7994148
7997473
7999754
8001589
8004329
8012347
8028124
8030595
8036843
8043670
8056475
8060740
8066734
8069295
8071315
8071720
8072711
8072823
8075228
8076609
8088944
8102785
8110359
8115177
8115372
8127358
8139192
8139574
8141001
8148751
8149086
8153245
8172465
8176478
8176648
8177014
8178691
8182695
8188869
8192237
8197557
8197569
8202088
8208565
8209933
8228914
8249228
8250105
8250617
8253468
8254717
8266446
8266581
8269589
8271456
8274944
8275826
8287326
8293827
8296649
8297483
8304623
8310916
8313708
8321176
8327052
8331463
8331629
8339104
8343189
8345648
8352127
8356422
8362467
8365254
8366091
8368772
8369650
8377099
8377519
8377954
8378020
8390282
8390647
8403472
8404757
8410402
8427142
8428795
8430656
8431563
8433385
8437846
8439372
8444439
8455094
8457206
8457327
8466999
8469484
8475155
8480778
8503888
8506781
8507310
8507811
8508219
8512288
8524468
8528709
8531390
8540367
8540782
8545434
8553846
8557729
8561173
8578379
8597292
8613600
8614028
8618038
8621258
8622369
8631944
8635813
8645214
8645678
8665901
8668843
8674458
8675968
8678808
8681792
8687499
8688708
8689353
8689796
8690270
8691551
8696769
8705863
8717780
8719501
8724864
8726250
8727616
8728833
8729615
8734165
8734291
8736268
8742033
8763271
8768509
8768569
8786194
8792337
8796294
8798101
8802914
8807560
8808275
8809998
8812273
8816704
8817531
8830164
8832926
8833128
8842129
8862693
8873792
8877812
8884840
8897464
8899581
8905464
8910379
8910462
8913202
8915834
8916244
8921234
8922471
8933148
8937481
8943430
8943886
8958575
8963412
8964038
8970408
8971335
8976764
8980489
8982032
8985705
8985942
8987242
8990108
8990322
8997414
8998261
8999040
9013527
9024222
9030840
9035479
9037238
9038628
9043325
9065275
9080342
9084733
9085681
9087345
9092689
9093547
9096395
9097440
9098555
9102436
9103007
9103691
9106140
9113666
9114896
9121770
9128241
9128996
9131379
9134231
9140205
9140906
9142406
9148829
9157639
9159233
9175593
9179234
9179943
9193566
9201975
9202918
9203935
9210978
9211477
9216071
9224608
9233534
9247925
9254864
9258024
9259384
9269619
9271979
9272442
9281521
9299679
9302546
9309887
9322628
9327553
9332315
9335933
9338377
9339037
9349676
9355101
9358308
9359040
9376372
9388890
9396767
9397430
9406823
9419152
9434522
9438131
9442924
9447502
9452532
9460339
9461692
9467151
9469692
9471786
9472619
9482743
9483004
9493201
9497445
9505081
9509988
9514898
9521388
9524073
9524155
9527850
9533719
9541987
9556148
9562293
9566332
9571410
9573965
9582981
9588991
9594490
9598726
9600428
9602552
9612351
9612869
9629978
9634966
9641320
9648896
9653296
9653508
9666609
9669445
9682906
9692168
9693830
9695702
9700595
9714985
9718509
9719317
9719426
9720499
9725269
9725325
9727401
9728233
9734013
9734655
9737565
9744153
9748711
9752688
9757700
9758719
9762289
9762971
9765444
9770689
9772554
9773128
9773942
9778097
9778575
9780182
9788757
9796365
9802405
9819038
9821377
9822980
9830705
9834190
9840421
9841885
9842796
9844919
9847251
9850838
9858712
9858796
9867907
9888513
9893980
9906371
9910217
9912062
9927409
9928112
9929421
9929906
9930280
9933523
9936241
9936378
9938272
9938588
9948089
9951566
9954159
9954293
9954612
9958921
9962686
9963935
9966073
9968902
9969854
9974544
9980668
9982258
9992002
9993381
9994230
9998392
9998807
