EN605.202.81 Data Structures, Spring 2017, Lab #4
Submitted by Tom Atwood, May 2, 2017

Processing time for the sort to be run: 4986905 ns

Results:
0
0
2
2
4
8
8
8
8
12
12
13
16
16
17
19
19
20
23
25
25
26
29
29
29
30
32
33
34
35
36
37
38
39
42
43
43
44
49
49
50
51
51
53
56
58
59
59
59
59
61
63
65
66
67
70
72
73
74
77
77
78
78
78
78
79
82
82
85
86
87
87
87
88
88
89
90
90
90
90
91
92
92
93
94
95
99
102
104
105
106
106
106
107
109
109
111
111
113
114
114
114
115
116
117
117
120
120
120
120
120
121
121
121
123
124
124
126
129
130
131
135
136
136
136
137
139
140
140
141
142
142
144
144
144
145
146
146
148
149
150
150
153
154
154
155
156
158
159
160
160
160
161
164
166
167
167
168
168
170
173
173
173
174
175
176
177
179
181
181
182
184
186
187
188
190
190
191
192
192
192
200
202
202
203
205
206
207
207
208
210
210
210
211
212
213
215
216
216
218
218
218
219
219
219
220
221
222
222
223
224
224
225
226
227
228
230
231
231
232
232
234
235
237
237
238
239
239
240
240
241
243
245
246
246
247
248
248
248
248
249
250
250
251
255
257
257
260
260
262
266
269
270
270
270
271
271
273
275
276
276
276
278
281
281
282
283
284
284
284
284
286
286
288
289
290
292
292
292
294
295
296
296
296
298
299
301
301
302
304
304
304
305
305
308
309
311
312
314
315
315
316
317
318
318
321
321
321
322
326
326
328
328
329
330
330
330
330
331
335
336
337
337
338
340
342
342
346
347
347
348
348
348
349
350
350
351
352
352
353
354
354
355
356
356
357
358
359
359
359
359
360
361
361
364
364
367
367
368
368
369
370
371
372
373
374
374
378
378
379
380
381
382
382
383
384
387
388
388
388
390
390
390
391
391
392
392
392
392
393
393
394
394
394
395
395
395
396
397
398
400
400
402
402
403
403
406
406
407
408
408
411
411
415
416
417
417
419
419
421
421
424
426
427
427
428
428
428
431
432
433
435
437
442
442
443
444
448
451
453
455
455
456
456
456
457
458
461
461
462
463
464
466
467
468
469
470
470
470
471
472
472
472
473
474
474
475
476
477
478
479
480
482
482
482
482
484
484
484
486
486
487
487
489
489
491
493
494
498
499
500
502
502
503
503
504
506
508
508
509
510
510
511
511
511
514
515
516
516
516
517
517
518
518
519
519
520
520
522
522
523
524
524
524
527
527
528
528
528
529
530
531
531
533
534
535
537
537
537
538
541
541
542
543
545
545
546
547
548
549
549
552
553
553
555
555
555
555
557
557
558
558
560
560
561
562
562
562
567
570
570
570
572
573
574
574
574
574
576
578
578
578
579
580
581
582
583
584
584
584
584
585
589
591
591
591
593
594
596
598
600
601
603
604
605
606
607
607
607
608
608
609
611
611
611
611
611
612
612
614
614
615
617
618
620
623
624
624
624
625
625
626
627
628
629
629
630
635
636
636
637
639
640
640
641
641
642
642
642
643
643
644
645
647
647
649
649
649
650
654
655
656
656
656
657
657
658
661
661
661
662
662
663
663
663
666
667
668
669
670
670
672
673
673
674
674
676
678
678
680
682
684
684
685
686
687
689
689
689
692
692
693
693
693
694
697
699
703
703
703
705
707
712
712
712
713
713
715
716
718
718
719
720
720
722
722
722
726
727
727
729
730
730
730
731
733
734
734
738
739
740
741
742
743
744
745
745
746
747
748
749
751
753
754
755
757
757
757
757
758
758
760
761
762
763
764
766
767
767
769
771
772
773
775
775
775
777
777
778
778
779
779
780
780
781
783
784
784
784
784
786
786
788
788
788
789
790
791
792
793
794
795
796
796
798
799
802
802
802
805
810
812
812
812
813
813
814
815
815
818
819
821
822
822
823
824
824
826
829
831
831
833
835
837
837
840
840
842
842
844
845
845
850
850
850
852
852
854
855
855
856
858
858
859
862
863
864
865
866
867
869
871
873
874
874
875
875
877
878
878
879
879
880
880
882
884
884
885
886
886
888
889
889
892
892
892
892
893
893
896
896
897
897
899
899
901
901
903
903
905
905
905
906
906
906
906
907
908
909
910
912
914
914
914
916
916
916
917
919
919
919
920
920
920
921
924
925
926
926
927
927
928
929
929
930
931
931
932
932
934
936
937
939
939
940
945
945
946
946
946
951
952
953
953
954
955
956
956
957
959
960
961
961
961
963
963
963
964
964
964
965
968
970
970
971
972
973
973
973
977
978
979
980
980
981
981
982
982
984
985
986
987
987
989
991
991
993
995
996
997
