EN605.202.81 Data Structures, Spring 2017, Lab #4
Submitted by Tom Atwood, May 2, 2017

Processing time for the sort to be run: 287727 ns

Results:
236809
597012
904243
980166
1083374
1163664
1186507
1239788
1408769
2192653
2207810
2326544
2367405
2496082
2991795
3032538
3217371
3567271
3581285
4335341
4343315
4365092
4384754
4526310
4783336
4880715
5252330
5276557
5370159
5776572
5817072
5901039
6050735
6443361
6466175
6749592
6849776
7350016
7439949
7451059
7625268
7999754
8172465
8274944
8327052
8621258
8809998
8937481
8980489
9509988
